"target_branch_id","paired_branch_id","mu","Lambda_target","Lambda_pair","gap_abs","gap_rel","sorted_position_target","sorted_position_pair","n_left_target","n_right_target","n_left_pair","n_right_pair"
"bending_desc_01","bending_desc_04","0","4.6926813604978097","7.0685636154572329","2.3758822549594232","0.40401883641004521","2","3","1","1","2","2"
"bending_desc_01","bending_desc_04","0.012500000000000001","4.6962232776483317","7.0582831621465578","2.3620598844982261","0.40189860741433953","2","3","1","1","2","2"
"bending_desc_01","bending_desc_04","0.01375","4.6969641764732506","7.0561764743244355","2.3592122978511849","0.40146074448467783","2","3","1","1","2","2"
"bending_desc_01","bending_desc_04","0.016250000000000001","4.6986538069722998","7.0514251755418123","2.3527713685695124","0.40046903039048348","2","3","1","1","2","2"
"bending_desc_01","bending_desc_04","0.018749999999999999","4.7006184106967677","7.0459897637043278","2.3453713530075602","0.39932741744442146","2","3","1","1","2","2"
"bending_desc_01","bending_desc_04","0.021250000000000002","4.7028551244237038","7.0399121844638817","2.3370570600401779","0.39804196039401407","2","3","1","1","2","2"
"bending_desc_01","bending_desc_04","0.02375","4.7053606001694295","7.0332358644294857","2.3278752642600562","0.39661901169878833","2","3","1","1","2","2"
"bending_desc_01","bending_desc_04","0.025000000000000001","4.7067130408071707","7.02968690132625","2.3229738605190793","0.39585799256544651","2","3","1","1","2","2"
"bending_desc_01","bending_desc_04","0.026249999999999999","4.7081312574938083","7.0260046904413151","2.3178734329475068","0.39506503814716537","2","3","1","1","2","2"
"bending_desc_01","bending_desc_04","0.028750000000000001","4.7111632233071088","7.0182621346842637","2.3070989113771549","0.39338651996370921","2","3","1","1","2","2"
"bending_desc_01","bending_desc_04","0.03125","4.7144522911950473","7.0100505670073119","2.2955982758122646","0.39158987013360386","2","3","1","1","2","2"
"bending_desc_01","bending_desc_04","0.033750000000000002","4.7179941914982955","7.0014107605868308","2.2834165690885353","0.38968131546342172","2","3","1","1","2","2"
"bending_desc_01","bending_desc_04","0.036249999999999998","4.721784201844514","6.9923814425069626","2.2705972406624486","0.38766691706418227","2","3","1","1","2","2"
"bending_desc_01","bending_desc_04","0.037499999999999999","4.7237708018547426","6.9877322313732986","2.2639614295185559","0.38662184061178362","2","3","1","1","2","2"
"bending_desc_01","bending_desc_04","0.03875","4.7258176663220546","6.9829991601296824","2.2571814938076278","0.3855524477432018","2","3","1","1","2","2"
"bending_desc_01","bending_desc_04","0.041250000000000002","4.7300896191570585","6.9732980523699917","2.2432084332129332","0.38334343801502746","2","3","1","1","2","2"
"bending_desc_01","bending_desc_04","0.043749999999999997","4.7345949929023909","6.9633098931697681","2.2287149002673772","0.38104513961657277","2","3","1","1","2","2"
"bending_desc_01","bending_desc_04","0.046249999999999999","4.7393288075338491","6.9530640996161255","2.2137352920822764","0.37866248759542842","2","3","1","1","2","2"
"bending_desc_01","bending_desc_04","0.048750000000000002","4.7442858723853893","6.9425877318492306","2.1983018594638413","0.37620015992426048","2","3","1","2","2","2"
"bending_desc_01","bending_desc_04","0.050000000000000003","4.7468464320371924","6.9372709354355226","2.1904245033983303","0.37494051702976361","2","3","1","2","2","2"
"bending_desc_01","bending_desc_04","0.051249999999999997","4.7494608725654972","6.9319056811480042","2.182444808582507","0.37366258451819723","2","3","1","2","2","2"
"bending_desc_01","bending_desc_04","0.053749999999999999","4.7548486009098312","6.9210408215479227","2.1661922206380915","0.37105391157123718","2","3","1","2","2","2"
"bending_desc_01","bending_desc_04","0.056250000000000001","4.7604438566608884","6.9100140217429216","2.1495701650820331","0.36837803408893055","2","3","1","2","2","2"
"bending_desc_01","bending_desc_04","0.058749999999999997","4.766241428113644","6.8988443874169905","2.1326029593033464","0.36563862332912228","2","3","1","2","2","2"
"bending_desc_01","bending_desc_04","0.061249999999999999","4.772236130520942","6.8875494307137748","2.1153133001928328","0.36283914298143077","2","3","1","2","2","2"
"bending_desc_01","bending_desc_04","0.0625","4.775305809289228","6.8818599895838846","2.1065541802946566","0.36141789807918751","2","3","1","2","2","2"
"bending_desc_01","bending_desc_04","0.063750000000000001","4.7784228093484771","6.8761450792280874","2.0977222698796103","0.35998284791591983","2","3","1","2","2","2"
"bending_desc_01","bending_desc_04","0.066250000000000003","4.784796444973372","6.8646459735876126","2.0798495286142407","0.35707280295242788","2","3","1","2","2","2"
"bending_desc_01","bending_desc_04","0.068750000000000006","4.7913519591331868","6.8530654313828352","2.0617134722496484","0.35411191528205493","2","3","1","2","2","2"
"bending_desc_01","bending_desc_04","0.071249999999999994","4.7980844381955752","6.8414156859641526","2.0433312477685774","0.35110292125471987","2","3","1","2","2","2"
"bending_desc_01","bending_desc_04","0.073749999999999996","4.8049890859407229","6.8297079414046955","2.0247188554639726","0.34804840224119427","2","3","1","2","2","2"
"bending_desc_01","bending_desc_04","0.074999999999999997","4.8085044529851189","6.8238355693368176","2.0153311163516987","0.34650484983835911","2","3","1","2","2","2"
"bending_desc_01","bending_desc_04","0.087499999999999994","4.8458340906583208","6.7646984271111128","1.918864336452792","0.33053855773041424","2","3","1","2","2","2"
"bending_desc_01","bending_desc_04","0.088749999999999996","4.8497725614664464","6.758764665659232","1.9089921041927855","0.32889451389827862","2","3","1","2","2","2"
"bending_desc_01","bending_desc_04","0.091249999999999998","4.8577545779187243","6.7468972044587776","1.8891426265400533","0.32558368177989661","2","3","1","2","2","2"
"bending_desc_01","bending_desc_04","0.09375","4.8658733915022454","6.7350347297105415","1.8691613382082961","0.32224396895109442","2","3","1","2","2","2"
"bending_desc_01","bending_desc_04","0.096250000000000002","4.8741251235894731","6.72318275216064","1.8490576285711668","0.31887704429017238","2","3","1","2","2","2"
"bending_desc_01","bending_desc_04","0.098750000000000004","4.8825057337658251","6.7113465016032023","1.8288407678373773","0.31548457418806597","2","3","1","2","2","2"
"bending_desc_01","bending_desc_04","0.10000000000000001","4.8867432751479134","6.7054357896246728","1.8186925144767594","0.31377923068900387","2","3","1","2","2","2"
"bending_desc_01","bending_desc_04","0.10125000000000001","4.8910115475175457","6.6995308082874709","1.8085192607699252","0.31206809918849826","2","3","1","2","2","2"
"bending_desc_01","bending_desc_04","0.10375","4.8996387911412134","6.6877402779131065","1.7881014867718932","0.30862915178933997","2","3","1","2","2","2"
"bending_desc_01","bending_desc_04","0.10625","4.9083836958918745","6.6759792791493933","1.7675955832575188","0.30516923322686579","2","3","1","2","2","2"
"bending_desc_01","bending_desc_04","0.10875","4.9172428581144469","6.6642519704111045","1.7470091122966576","0.301689745263923","2","3","1","2","2","2"
"bending_desc_01","bending_desc_04","0.11125","4.9262124542325481","6.6525622657755399","1.7263498115429918","0.29819214092832541","2","3","1","2","2","2"
"bending_desc_01","bending_desc_04","0.1125","4.9307376839338177","6.6467327413997328","1.7159950574659151","0.29643695806141118","2","3","1","2","2","2"
"bending_desc_01","bending_desc_04","0.11375","4.9352892393132173","6.6409139836643787","1.7056247443511614","0.29467774735772923","2","3","1","2","2","2"
"bending_desc_01","bending_desc_04","0.11625000000000001","4.9444696864785298","6.6293107854582205","1.6848410989796907","0.2911479275185786","2","3","1","2","2","2"
"bending_desc_01","bending_desc_04","0.11874999999999999","4.9537503699368512","6.6177561499899102","1.664005780053059","0.28760399990918228","2","3","1","2","2","2"
"bending_desc_01","bending_desc_04","0.12125","4.9631279206266452","6.6062535594674952","1.6431256388408499","0.2840472745527412","2","3","1","2","2","2"
"bending_desc_01","bending_desc_04","0.12375","4.972598929291669","6.5948063444260576","1.6222074151343886","0.28047904897396514","2","3","1","2","2","2"
"bending_desc_01","bending_desc_04","0.125","4.9773684396063844","6.5891045546058393","1.6117361149994549","0.2786910263493384","2","3","1","2","2","2"
"bending_desc_01","bending_desc_04","0.12625","4.9821600909504946","6.5834177971070291","1.6012577061565345","0.27690059617513346","2","3","1","2","2","2"
"bending_desc_01","bending_desc_04","0.12875","4.9918080900612667","6.5720911873312495","1.5802830972699828","0.27331318949819022","2","3","1","2","2","2"
"bending_desc_01","bending_desc_04","0.13125000000000001","5.0015395094775066","6.5608297441077115","1.5592902346302049","0.26971811752971059","2","3","1","2","2","2"
"bending_desc_01","bending_desc_04","0.13375000000000001","5.0113510970503334","6.5496366172331673","1.5382855201828338","0.26611662570703976","2","3","1","2","2","2"
"bending_desc_01","bending_desc_04","0.13625000000000001","5.0212392540727544","6.5385151099661591","1.5172758558934047","0.26251005135774824","2","3","1","2","2","2"
"bending_desc_01","bending_desc_04","0.13750000000000001","5.026211095633264","6.532982198721017","1.5067711030877531","0.26070523516960087","2","3","1","2","2","2"
"bending_desc_01","bending_desc_04","0.13875000000000001","5.0312008011652738","6.5274684260665197","1.4962676249012459","0.25889963550061545","2","3","1","2","2","2"
"bending_desc_01","bending_desc_04","0.14124999999999999","5.0412320904582506","6.5164998144930761","1.4752677240348255","0.25528671821896504","2","3","1","2","2","2"
"bending_desc_01","bending_desc_04","0.14374999999999999","5.0513295813831274","6.5056126660081759","1.4542830846250485","0.25167264030471681","2","3","1","2","2","2"
"bending_desc_01","bending_desc_04","0.14624999999999999","5.0614897574346944","6.4948103276403621","1.4333205702056677","0.24805873154104036","2","3","1","2","2","2"
"bending_desc_01","bending_desc_04","0.14874999999999999","5.0717088965948909","6.48409630684458","1.4123874102496892","0.24444638610372318","2","3","1","2","2","2"
"bending_desc_01","bending_desc_04","0.14999999999999999","5.0768393681495061","6.4787734998041584","1.4019341316546523","0.2426412424290422","2","3","1","2","2","2"
"bending_desc_01","bending_desc_04","0.15125","5.0819831159611564","6.4734741691244304","1.391491053163274","0.24083703809095386","2","3","1","2","2","2"
"bending_desc_01","bending_desc_04","0.15375","5.0923086492732379","6.4629476152607968","1.3706389659875589","0.2372321192381327","2","3","1","2","2","2"
"bending_desc_01","bending_desc_04","0.15625","5.1026813852870134","6.4525204693954175","1.349839084108404","0.23363314654021705","2","3","1","2","2","2"
"bending_desc_01","bending_desc_04","0.15875","5.1130970670710676","6.442196687056887","1.3290996199858194","0.2300416844895905","2","3","1","2","2","2"
"bending_desc_01","bending_desc_04","0.16125","5.1235515345571221","6.43198043712305","1.3084289025659279","0.22645931070461703","2","3","1","2","2","2"
"bending_desc_01","bending_desc_04","0.16250000000000001","5.1287918539638575","6.4269139806933397","1.2981221267294822","0.22467206162971548","2","3","1","2","2","2"
"bending_desc_01","bending_desc_04","0.16375000000000001","5.1340400918944091","6.4218760859430359","1.2878359940486268","0.22288773546462851","2","3","1","2","2","2"
"bending_desc_01","bending_desc_04","0.16625000000000001","5.1445582068019853","6.4118880928850723","1.2673298860830871","0.2193286505588497","2","3","1","2","2","2"
"bending_desc_01","bending_desc_04","0.16875000000000001","5.1551007977295571","6.4020212507681453","1.2469204530385882","0.21578390326001168","2","3","1","2","2","2"
"bending_desc_01","bending_desc_04","0.17125000000000001","5.1656626783498192","6.3922805515821324","1.2266178732323132","0.21225538987866011","2","3","1","2","2","2"
"bending_desc_01","bending_desc_04","0.17374999999999999","5.1762385997558162","6.3826712649557891","1.2064326651999728","0.20874505975396726","2","3","1","2","2","2"
"bending_desc_01","bending_desc_04","0.17499999999999999","5.1815299820478566","6.3779176372904081","1.1963876552425514","0.20699737472594562","2","3","1","2","2","2"
"bending_desc_01","bending_desc_04","0.17624999999999999","5.1868227166867955","6.3731989695674756","1.18637625288068","0.20525502201978912","2","3","1","2","2","2"
"bending_desc_01","bending_desc_04","0.17874999999999999","5.1974090606994539","6.363869610080668","1.1664605493812141","0.20178746358381908","2","3","1","2","2","2"
"bending_desc_01","bending_desc_04","0.18124999999999999","5.2079913060351934","6.3546892788378555","1.1466979728026621","0.19834465968087658","2","3","1","2","2","2"
"bending_desc_01","bending_desc_04","0.18375","5.2185626371713871","6.345664672507108","1.1271020353357208","0.19492906964781137","2","3","1","2","2","2"
"bending_desc_01","bending_desc_04","0.18625","5.229116169697428","6.3368027487977452","1.1076865791003172","0.1915432032519275","2","3","1","2","2","2"
"bending_desc_01","bending_desc_04","0.1875","5.2343838843629715","6.3324350826108038","1.0980511982478323","0.18986226055461733","2","3","1","2","2","2"
"bending_desc_01","bending_desc_04","0.18875","5.2396442042845237","6.3281108878659031","1.0884666835813794","0.18818978702617661","2","3","1","2","2","2"
"bending_desc_01","bending_desc_04","0.19125","5.2501389239322096","6.3195970152348062","1.0694580913025966","0.18487165081826304","2","3","1","2","2","2"
"bending_desc_01","bending_desc_04","0.19375000000000001","5.2605919344168584","6.3112694590830216","1.0506775246661633","0.18159179218243099","2","3","1","2","2","2"
"bending_desc_01","bending_desc_04","0.19625000000000001","5.2709942247582582","6.3031370401622002","1.032142815403942","0.17835339720609869","2","3","1","2","2","2"
"bending_desc_01","bending_desc_04","0.19875000000000001","5.281336284548261","6.2952091709568698","1.0138728864086088","0.17515983335537633","2","3","1","2","2","2"
"bending_desc_01","bending_desc_04","0.20000000000000001","5.2864817813856773","6.2913250137078327","1.0048432323221554","0.17358092946377235","2","3","1","2","2","2"
"bending_desc_01","bending_desc_04","0.20125000000000001","5.2916083528319957","6.2874958187320376","0.99588746590004185","0.17201459649110723","2","3","1","2","2","2"
"bending_desc_01","bending_desc_04","0.20374999999999999","5.3017995636159032","6.2800076565847052","0.97820809296880196","0.16892149461141839","2","3","1","2","2","2"
"bending_desc_01","bending_desc_04","0.20624999999999999","5.3118988309411455","6.2727557004207526","0.96085686947960713","0.16588442354985761","2","3","1","2","2","2"
"bending_desc_01","bending_desc_04","0.20874999999999999","5.3218941912112774","6.2657519657988878","0.94385777458761044","0.16290759344883962","2","3","1","2","2","2"
"bending_desc_01","bending_desc_04","0.21124999999999999","5.3317732874861665","6.2590088872034846","0.92723559971731806","0.15999534556728831","2","3","1","2","2","2"
"bending_desc_01","bending_desc_04","0.21249999999999999","5.3366650283269923","6.2557392302738899","0.9190742019468976","0.15856489843597346","2","3","1","2","2","2"
"bending_desc_01","bending_desc_04","0.21375","5.3415227547889916","6.2525397125034328","0.91101695771444113","0.1571523286655522","2","3","1","2","2","2"
"bending_desc_01","bending_desc_04","0.21625","5.3511287412257547","6.2463582516856828","0.89522951045992816","0.15438336098278982","2","3","1","2","1","2"
"bending_desc_01","bending_desc_04","0.21875","5.3605767245803966","6.2404791425107344","0.87990241793033785","0.15169350583447647","2","3","1","2","1","2"
"bending_desc_01","bending_desc_04","0.22125","5.3698513797436558","6.2349176673313034","0.86506628758764759","0.14908806613530873","2","3","1","2","1","2"
"bending_desc_01","bending_desc_04","0.22375","5.3789367848944751","6.229689695788629","0.85075291089415384","0.14657253591711597","2","3","1","2","1","2"
"bending_desc_01","bending_desc_04","0.22500000000000001","5.3834034198309224","6.2272059084658871","0.84380248863496465","0.14535025075359145","2","3","1","2","1","2"
"bending_desc_01","bending_desc_04","0.22625000000000001","5.3878165514540495","6.2248117649534098","0.83699521349936035","0.14415258814695231","2","3","1","2","1","2"
"bending_desc_01","bending_desc_04","0.22875000000000001","5.3964733864428567","6.2203010196731165","0.82382763323025987","0.14183414507843642","2","3","1","2","1","2"
"bending_desc_01","bending_desc_04","0.23125000000000001","5.4048898078302248","6.2161750266047404","0.81128521877451565","0.13962321531337737","2","3","1","2","1","2"
"bending_desc_01","bending_desc_04","0.23375000000000001","5.4130478143638596","6.2124517826100396","0.79940396824617999","0.13752595517774802","2","3","1","2","1","2"
"bending_desc_01","bending_desc_04","0.23624999999999999","5.4209291314269441","6.2091496588721427","0.78822052744519855","0.13554861349738595","2","3","1","2","1","2"
"bending_desc_01","bending_desc_04","0.23749999999999999","5.4247602502498031","6.2076622867818765","0.78290203653207335","0.13460687729313717","2","3","1","2","1","2"
"bending_desc_01","bending_desc_04","0.23874999999999999","5.4285152341925293","6.2062870669398835","0.77777183274735417","0.13369747291222195","2","3","1","2","1","2"
"bending_desc_01","bending_desc_04","0.24124999999999999","5.4357876648477541","6.2038824823784831","0.76809481753072895","0.13197879455609279","2","3","1","2","1","2"
"bending_desc_01","bending_desc_04","0.24374999999999999","5.4427282680732363","6.2019540777728359","0.75922580969959963","0.13039871542231174","2","3","1","2","1","2"
"bending_desc_01","bending_desc_04","0.24625","5.4493190704062489","6.2005197676035451","0.75120069719729621","0.12896327711356184","2","3","1","2","1","2"
"bending_desc_01","bending_desc_04","0.24875","5.4555427853945817","6.1995968074447418","0.74405402205016014","0.12767826865107504","2","3","1","2","1","2"
"bending_desc_01","bending_desc_04","0.25","5.4585117618868697","6.1993322866039513","0.7408205247170816","0.12709391575931836","2","3","1","2","1","2"
"bending_desc_01","bending_desc_04","0.25124999999999997","5.4613829916819059","6.1992016165118269","0.737818624829921","0.1265491653499887","2","3","1","2","1","2"
"bending_desc_01","bending_desc_04","0.25374999999999998","5.4668243071741491","6.1993494123861907","0.73252510521204162","0.12558103844859392","2","3","1","2","1","2"
"bending_desc_01","bending_desc_04","0.25624999999999998","5.4718527950392648","6.2000542266865137","0.72820143164724893","0.12477848397726164","2","3","1","2","1","2"
"bending_desc_01","bending_desc_04","0.25874999999999998","5.4764559176728982","6.2013284884568467","0.72487257078394851","0.12414556487332616","2","3","1","2","1","2"
"bending_desc_01","bending_desc_04","0.26124999999999998","5.4806228003598525","6.2031826327417141","0.72255983238186161","0.12368570095061091","2","3","1","2","1","2"
"bending_desc_01","bending_desc_04","0.26250000000000001","5.4825399969710045","6.2043300169501086","0.72179001997910408","0.12352152785464809","2","3","1","2","1","2"
"bending_desc_01","bending_desc_04","0.26374999999999998","5.4843449535466036","6.2056254363819399","0.7212804828353363","0.1234015927802098","2","3","1","2","1","2"
"bending_desc_01","bending_desc_04","0.26624999999999999","5.4876154692852506","6.2086633731319516","0.72104790384670103","0.12329526570994202","2","3","1","2","1","2"
"bending_desc_01","bending_desc_04","0.26874999999999999","5.4904301195952874","6.2123005442742691","0.72187042467898177","0.12336786095704134","2","3","1","2","1","2"
"bending_desc_01","bending_desc_04","0.27124999999999999","5.4927867779658062","6.2165388714089485","0.72375209344314229","0.12361977369410486","2","3","1","2","1","2"
"bending_desc_01","bending_desc_04","0.27374999999999999","5.4946854440295505","6.2213780268701644","0.72669258284061389","0.12405063947384176","2","3","1","2","1","2"
"bending_desc_01","bending_desc_04","0.27500000000000002","5.4954638869136465","6.2240220560014645","0.72855816908781801","0.12433278603457178","2","3","1","2","1","2"
"bending_desc_01","bending_desc_04","0.27625","5.4961287679464235","6.2268150779986557","0.73068631005223228","0.12465918452812071","2","3","1","2","1","2"
"bending_desc_01","bending_desc_04","0.27875","5.4971213774162129","6.2328450420665105","0.73572366465029759","0.12544343919489961","2","3","1","2","1","2"
"bending_desc_01","bending_desc_04","0.28125","5.4976699851634168","6.2394609052445826","0.74179092008116587","0.12640072382380668","2","3","1","2","1","2"
"bending_desc_01","bending_desc_04","0.28375","5.4977831379991509","6.2466533759038843","0.74887023790473339","0.12752765737517038","2","3","1","2","1","2"
"bending_desc_01","bending_desc_04","0.28625","5.4974713989315225","6.2544116288225631","0.75694022989104059","0.12882024576034265","2","3","1","2","1","3"
"bending_desc_01","bending_desc_04","0.28749999999999998","5.4971598365289882","6.2584991445230465","0.76133930799405825","0.12952728710848069","2","3","1","2","1","3"
"bending_desc_01","bending_desc_04","0.28875000000000001","5.4967465367474908","6.2627232669058186","0.76597673015832779","0.13027402475583755","2","3","1","2","1","3"
"bending_desc_01","bending_desc_04","0.29125000000000001","5.4956216429560003","6.2715744487944791","0.77595280583847881","0.13188406138357275","2","3","1","2","1","3"
"bending_desc_01","bending_desc_04","0.29375000000000001","5.4941108331956334","6.2809502579125143","0.78683942471688084","0.1336450687820307","2","3","1","2","1","3"
"bending_desc_01","bending_desc_04","0.29625000000000001","5.4922291317887639","6.2908349170491764","0.79860578526041248","0.13555146300663146","2","3","1","2","1","3"
"bending_desc_01","bending_desc_04","0.29875000000000002","5.4899921979375135","6.3012117935275498","0.81121959559003631","0.13759741518800436","2","3","1","2","1","3"
"bending_desc_01","bending_desc_04","0.29999999999999999","5.4887454905205892","6.3065796443015101","0.81783415378092084","0.13867089621235024","2","3","1","2","1","3"
"bending_desc_01","bending_desc_04","0.30125000000000002","5.4874158156918007","6.3120640395489351","0.82464822385713443","0.13977704678073027","2","3","1","2","1","3"
"bending_desc_01","bending_desc_04","0.30375000000000002","5.4845163568403477","6.323374357834326","0.83885800099397834","0.14208430976608852","2","3","1","2","1","3"
"bending_desc_01","bending_desc_04","0.30625000000000002","5.4813096217944421","6.3351251524091969","0.85381553061475479","0.14451322195400468","2","3","1","2","1","3"
"bending_desc_01","bending_desc_04","0.30875000000000002","5.477811963137162","6.34729911236278","0.86948714922561798","0.14705775593551587","2","3","1","2","1","3"
"bending_desc_01","bending_desc_04","0.31125000000000003","5.474039089165287","6.3598786933570643","0.88583960419177732","0.14971197543726117","2","3","1","2","1","3"
"bending_desc_01","bending_desc_04","0.3125","5.4720542713824241","6.3663152332471702","0.89426096186474613","0.15107840003051609","2","3","1","2","1","3"
"bending_desc_01","bending_desc_04","0.31374999999999997","5.4700063461515613","6.3728467091770495","0.9028403630254882","0.1524700777435149","2","3","1","2","1","3"
"bending_desc_01","bending_desc_04","0.31624999999999998","5.4657288941584925","6.386186233043885","0.9204573388853925","0.15532634667164794","2","3","1","2","1","3"
"bending_desc_01","bending_desc_04","0.31874999999999998","5.4612209576924808","6.3998804551690753","0.9386594974765945","0.15827526716174289","2","3","1","2","1","3"
"bending_desc_01","bending_desc_04","0.32124999999999998","5.4564969246460251","6.4139130510450659","0.95741612639904083","0.1613113832394488","2","3","1","2","1","3"
"bending_desc_01","bending_desc_04","0.32374999999999998","5.4515698738945906","6.4282679638307503","0.9766980899361597","0.16442953233495827","2","3","1","2","1","3"
"bending_desc_01","bending_desc_04","0.32500000000000001","5.449034139036006","6.4355613128832561","0.98652717384725008","0.16601779637150951","2","3","1","2","1","3"
"bending_desc_01","bending_desc_04","0.32624999999999998","5.4464526037805969","6.4429294266694166","0.99647682288881967","0.16762466212907165","2","3","1","2","1","3"
"bending_desc_01","bending_desc_04","0.32874999999999999","5.4411574564906431","6.4578818422905986","1.0167243857999555","0.17089184433638999","2","3","1","2","1","3"
"bending_desc_01","bending_desc_04","0.33124999999999999","5.4356960003486812","6.4731102015772928","1.0374142012286116","0.17422639744709825","2","3","1","2","1","3"
"bending_desc_01","bending_desc_04","0.33374999999999999","5.4300790139216231","6.4885993152081571","1.0585203012865341","0.17762377204181498","2","3","1","2","1","3"
"bending_desc_01","bending_desc_04","0.33624999999999999","5.4243170334671396","6.5043343864184164","1.0800173529512769","0.18107953949443828","2","3","1","2","1","3"
"bending_desc_01","bending_desc_04","0.33750000000000002","5.4213847226120668","6.5122895204985749","1.0909047978865081","0.18282798334574818","2","3","1","2","1","3"
"bending_desc_01","bending_desc_04","0.33875","5.4184196144571573","6.5203007105874038","1.1018810961302465","0.18458948130626116","2","3","1","2","1","3"
"bending_desc_01","bending_desc_04","0.34125","5.4123963914618072","6.5364835913602946","1.1240871998984874","0.18814938329190564","2","3","1","2","1","3"
"bending_desc_01","bending_desc_04","0.34375","5.4062557734314849","6.5528682273066847","1.1466124538751998","0.19175525796110582","2","3","1","2","1","3"
"bending_desc_01","bending_desc_04","0.34625","5.4000059891772993","6.5694397783979745","1.1694337892206752","0.19540316434510649","2","3","1","2","1","3"
"bending_desc_01","bending_desc_04","0.34875","5.3936546569266408","6.5861830629217923","1.1925284059951515","0.19908924208870488","2","3","1","2","1","3"
"bending_desc_01","bending_desc_04","0.34999999999999998","5.3904432371797828","6.5946141624516779","1.2041709252718951","0.20094537474787949","2","3","1","2","1","3"
"bending_desc_01","bending_desc_04","0.35125000000000001","5.387209269876327","6.6030824479485606","1.2158731780722336","0.20280960742009377","2","3","1","2","1","3"
"bending_desc_01","bending_desc_04","0.35375000000000001","5.3806763438230698","6.6201221873242568","1.239445843501187","0.2065605618299953","2","3","1","2","1","3"
"bending_desc_01","bending_desc_04","0.35625000000000001","5.3740622613287998","6.6372856901057018","1.263223428776902","0.21033832903425909","2","3","1","2","1","3"
"bending_desc_01","bending_desc_04","0.35875000000000001","5.3673731727058538","6.6545556362954414","1.2871824635895877","0.21413909265971082","2","3","1","2","1","3"
"bending_desc_01","bending_desc_04","0.36125000000000002","5.3606145418116116","6.671913853201711","1.3112993113900995","0.21795906368831761","2","3","1","2","1","3"
"bending_desc_01","bending_desc_04","0.36249999999999999","5.3572106657865071","6.6806201523755888","1.3234094865890818","0.21987507659476085","2","3","1","2","1","3"
"bending_desc_01","bending_desc_04","0.375","5.3224179827429756","6.7680366681824449","1.4456186854394693","0.23913388324546087","2","3","1","2","1","3"
"bending_desc_01","bending_desc_04","0.38750000000000001","5.2865969081179269","6.8537381793669283","1.5671412712490014","0.25817100762968648","2","3","1","2","1","3"
"bending_desc_01","bending_desc_04","0.40000000000000002","5.2501340818108639","6.9330793044105317","1.6829452225996677","0.27627279753681311","2","3","1","2","1","3"
"bending_desc_01","bending_desc_04","0.41249999999999998","5.2133133302693899","6.9994542161692719","1.786140885899882","0.292503870086471","2","3","1","2","1","3"
"bending_desc_01","bending_desc_04","0.41375000000000001","5.2096203001822303","7.0050827874144392","1.7954624872322089","0.29398381186283573","2","3","1","2","1","3"
"bending_desc_01","bending_desc_04","0.41625000000000001","5.2022303310811751","7.0156933423619181","1.8134630112807431","0.29685289575388174","2","3","1","2","1","3"
"bending_desc_01","bending_desc_04","0.41875000000000001","5.1948365807699401","7.025399655637405","1.8305630748674648","0.29959536615400756","2","3","1","2","1","3"
"bending_desc_01","bending_desc_04","0.42125000000000001","5.1874404037513901","7.0341584951191534","1.8467180913677632","0.30220564537401523","2","3","1","2","1","3"
"bending_desc_01","bending_desc_04","0.42375000000000002","5.1800430292470709","7.0419359395177601","1.8618929102706891","0.30467944921670154","2","3","1","2","1","3"
"bending_desc_01","bending_desc_04","0.42499999999999999","5.1763442468970746","7.0454489443964272","1.8691046974993526","0.3058642325630016","2","3","1","2","1","3"
"bending_desc_01","bending_desc_04","0.42625000000000002","5.1726454189623698","7.048708902027883","1.8760634830655132","0.30701400741542406","2","3","1","2","1","3"
"bending_desc_01","bending_desc_04","0.42875000000000002","5.1652489372369494","7.0544663051409264","1.889217367903977","0.30920808389252574","2","3","1","2","1","3"
"bending_desc_01","bending_desc_04","0.43125000000000002","5.1578544056140432","7.0592088636405652","1.901354458026522","0.3112621120349699","2","3","1","2","1","3"
"bending_desc_01","bending_desc_04","0.43375000000000002","5.150462595198956","7.0629490361971152","1.9124864409981592","0.31317808630667593","2","3","1","2","1","3"
"bending_desc_01","bending_desc_04","0.43625000000000003","5.1430748340469883","7.0657101774975812","1.9226353434505929","0.31495932504873464","2","3","1","2","1","3"
"bending_desc_01","bending_desc_04","0.4375","5.1393825323758628","7.0667336351773109","1.9273511028014481","0.31580087823919228","2","3","1","2","1","3"
"bending_desc_01","bending_desc_04","0.43874999999999997","5.135691509799841","7.0675250843071442","1.9318335745073032","0.31661055257188481","2","3","1","2","1","3"
"bending_desc_01","bending_desc_04","0.44124999999999998","5.1283138315668513","7.0684340127567191","1.9401201811898678","0.3181372946219938","2","3","1","2","1","3"
"bending_desc_01","bending_desc_04","0.44374999999999998","5.1209423035821402","7.0684834017652136","1.9475410981830734","0.31954599753271568","2","3","1","2","1","3"
"bending_desc_01","bending_desc_04","0.44624999999999998","5.1135776770574397","7.0677236731050908","1.954145996047651","0.32084355191189445","2","3","1","2","1","3"
"bending_desc_01","bending_desc_04","0.44874999999999998","5.1062208645157554","7.0662074776925206","1.9599866131767651","0.32203707560642608","2","3","1","2","1","3"
"bending_desc_01","bending_desc_04","0.45000000000000001","5.1025454572962854","7.0651825505321693","1.9626370932358839","0.32259713431680348","2","3","1","2","1","3"
"bending_desc_01","bending_desc_04","0.45124999999999998","5.0988722009240819","7.0639885841995049","1.965116383275423","0.32313391035092004","2","3","1","2","1","3"
"bending_desc_01","bending_desc_04","0.45374999999999999","5.0915322231384774","7.0611197364945948","1.9695875133561174","0.3241411866148079","2","3","1","2","1","3"
"bending_desc_01","bending_desc_04","0.45624999999999999","5.0842017875800822","7.0576527848017161","1.9734509972216339","0.32506582671653811","2","3","1","2","1","3"
"bending_desc_01","bending_desc_04","0.45874999999999999","5.076881551271744","7.0536375056202747","1.9767559543485307","0.32591448809033874","2","3","1","2","1","3"
"bending_desc_01","bending_desc_04","0.46124999999999999","5.0695715489901483","7.0491206952207985","1.9795491462306503","0.32669352539689639","2","3","1","2","1","3"
"bending_desc_01","bending_desc_04","0.46250000000000002","5.06592092054915","7.0466882031990457","1.9807672826498957","0.32705873068526053","2","3","1","2","1","3"
"bending_desc_01","bending_desc_04","0.46375","5.0622728249835474","7.0441464785095684","1.9818736535260211","0.32740872488270462","2","3","1","2","1","3"
"bending_desc_01","bending_desc_04","0.46625","5.0549849821077988","7.0387557906500673","1.9837708085422685","0.3280657070161242","2","3","1","2","1","3"
"bending_desc_01","bending_desc_04","0.46875","5.0477094453686098","7.0329866199954241","1.9852771746268143","0.32866933558881667","2","3","1","2","1","3"
"bending_desc_01","bending_desc_04","0.47125","5.0404465917190775","7.0268735057584015","1.986426914039324","0.32922420189293916","2","3","1","2","1","3"
"bending_desc_01","bending_desc_04","0.47375","5.0331956570477692","7.0204484399924869","1.9872527829447177","0.32973477015679981","2","3","1","2","1","3"
"bending_desc_01","bending_desc_04","0.47499999999999998","5.0295751267123023","7.017128006161494","1.9875528794491917","0.32997457603573432","2","3","1","2","1","3"
"bending_desc_01","bending_desc_04","0.48749999999999999","4.9935590457662631","6.980710587430444","1.987151541664181","0.33190359037099482","2","3","1","2","1","3"
"bending_desc_01","bending_desc_04","0.5","4.9579111428377249","6.9401095555424952","1.9821984127047703","0.33319801048499165","2","3","1","2","1","3"
"bending_desc_01","bending_desc_04","0.51249999999999996","4.9226587400777841","6.8969768630719628","1.9743181229941786","0.33407427932347661","2","3","1","2","1","3"
"bending_desc_01","bending_desc_04","0.52500000000000002","4.8878230929658173","6.8523435278386371","1.9645204348728198","0.33466653384485062","2","3","1","2","1","3"
"bending_desc_01","bending_desc_04","0.53749999999999998","4.8534194001354241","6.8068690270354857","1.9534496269000616","0.33506025843204967","2","3","1","2","1","3"
"bending_desc_01","bending_desc_04","0.55000000000000004","4.8194565901138908","6.760985576021258","1.9415289859073672","0.33531171919929065","2","3","1","2","1","3"
"bending_desc_01","bending_desc_04","0.5625","4.7859427914088517","6.7149840505870522","1.9290412591782005","0.33545840012376416","2","3","1","2","1","3"
"bending_desc_01","bending_desc_04","0.57499999999999996","4.7528804821226309","6.669064217299324","1.916183735176693","0.33552670505814441","2","3","1","2","1","3"
"bending_desc_01","bending_desc_04","0.58750000000000002","4.7202694624364252","6.6233640760321899","1.9030946135957647","0.33553527750027817","2","3","1","2","1","3"
"bending_desc_01","bending_desc_04","0.59999999999999998","4.6881091836142907","6.5779822781941224","1.8898730945798317","0.33549755937743336","2","3","1","2","1","3"
"bending_desc_01","bending_desc_04","0.61250000000000004","4.6563934681247519","6.5329872974481393","1.8765938293233875","0.33542407191955215","2","3","1","2","1","3"
"bending_desc_01","bending_desc_04","0.625","4.6251192907898622","6.4884276561469614","1.8633083653570992","0.33532199472476687","2","3","1","2","1","3"
"bending_desc_01","bending_desc_04","0.63749999999999996","4.5942800183846666","6.4443351826299731","1.8500551642453065","0.33519696638673563","2","3","1","2","1","3"
"bending_desc_01","bending_desc_04","0.65000000000000002","4.5638635230837536","6.4007329726913449","1.8368694496075912","0.33505463704302801","2","3","1","2","1","3"
"bending_desc_01","bending_desc_04","0.66249999999999998","4.5338629332275096","6.3576319315687684","1.8237689983412588","0.33489783009237489","2","3","1","2","1","3"
"bending_desc_01","bending_desc_04","0.67500000000000004","4.5042669929601749","6.315037095410112","1.8107701024499372","0.33472949603040386","2","3","1","2","1","3"
"bending_desc_01","bending_desc_04","0.6875","4.4750575692296222","6.2729483688071745","1.7978907995775524","0.3345533692375221","2","3","1","2","1","3"
"bending_desc_01","bending_desc_04","0.69999999999999996","4.446222175045504","6.2313580158857382","1.7851358408402342","0.33437086098522556","2","3","1","2","1","3"
"bending_desc_01","bending_desc_04","0.71250000000000002","4.4177476819022026","6.1902577912522743","1.7725101093500717","0.33418348318837821","2","3","1","2","1","3"
"bending_desc_01","bending_desc_04","0.72499999999999998","4.3896089209744025","6.14963124071385","1.7600223197394476","0.33399415759352324","2","3","1","2","1","3"
"bending_desc_01","bending_desc_04","0.73750000000000004","4.3617882525507703","6.1094561082438572","1.7476678556930869","0.33380327981582164","2","3","1","2","1","3"
"bending_desc_01","bending_desc_04","0.75","4.3342493610121338","6.0697073381777482","1.7354579771656145","0.33361499424555435","2","3","1","2","1","3"
"bending_desc_01","bending_desc_04","0.76249999999999996","4.3069782606526763","6.0303587549433768","1.7233804942907005","0.33342832717761212","2","3","1","2","1","3"
"bending_desc_01","bending_desc_04","0.77500000000000002","4.2799296879133424","5.9913788685923288","1.7114491806789864","0.33324851867973215","2","3","1","2","1","3"
"bending_desc_01","bending_desc_04","0.78749999999999998","4.2530782673459155","5.9527263921883193","1.6996481248424038","0.33307479058098516","2","3","1","2","1","3"
"bending_desc_01","bending_desc_04","0.80000000000000004","4.226391226422396","5.9143729320242073","1.6879817056018114","0.33291015927943285","2","3","1","2","1","3"
"bending_desc_01","bending_desc_04","0.8125","4.1998004863331406","5.8762616188705401","1.6764611325373995","0.33276117495774626","2","3","1","2","1","3"
"bending_desc_01","bending_desc_04","0.82499999999999996","4.173317179595589","5.8383583658507279","1.6650411862551389","0.33261988539220327","2","3","1","2","1","3"
"bending_desc_01","bending_desc_04","0.83750000000000002","4.1468552184020329","5.8006377042968413","1.6537824858948085","0.33250236994310267","2","3","1","2","1","3"
"bending_desc_01","bending_desc_04","0.84999999999999998","4.1203870831058946","5.7631236196140865","1.6427365365081918","0.33241964033207438","2","3","1","2","1","3"
"bending_desc_01","bending_desc_04","0.86250000000000004","4.0938583253297907","5.7258785393341505","1.6320202140043598","0.33239591579630623","2","3","1","2","1","3"
"bending_desc_01","bending_desc_04","0.875","4.0674422096551073","5.6889976258269606","1.6215554161718533","0.33240719842797695","2","3","1","2","1","3"
"bending_desc_01","bending_desc_04","0.88749999999999996","4.0413398968303662","5.6528751842193561","1.6115352873889899","0.33247359872161764","2","3","1","2","1","3"
"bending_desc_01","bending_desc_04","0.90000000000000002","4.0162066953353008","5.6179942587552434","1.6017875634199426","0.33252110290264314","2","3","1","2","1","3"
"bending_desc_04","bending_desc_01","0","7.0685636154572329","4.6926813604978097","2.3758822549594232","0.40401883641004521","3","2","2","2","1","1"
"bending_desc_04","bending_desc_01","0.012500000000000001","7.0582831621465578","4.6962232776483317","2.3620598844982261","0.40189860741433953","3","2","2","2","1","1"
"bending_desc_04","bending_desc_01","0.01375","7.0561764743244355","4.6969641764732506","2.3592122978511849","0.40146074448467783","3","2","2","2","1","1"
"bending_desc_04","bending_desc_01","0.016250000000000001","7.0514251755418123","4.6986538069722998","2.3527713685695124","0.40046903039048348","3","2","2","2","1","1"
"bending_desc_04","bending_desc_01","0.018749999999999999","7.0459897637043278","4.7006184106967677","2.3453713530075602","0.39932741744442146","3","2","2","2","1","1"
"bending_desc_04","bending_desc_01","0.021250000000000002","7.0399121844638817","4.7028551244237038","2.3370570600401779","0.39804196039401407","3","2","2","2","1","1"
"bending_desc_04","bending_desc_01","0.02375","7.0332358644294857","4.7053606001694295","2.3278752642600562","0.39661901169878833","3","2","2","2","1","1"
"bending_desc_04","bending_desc_01","0.025000000000000001","7.02968690132625","4.7067130408071707","2.3229738605190793","0.39585799256544651","3","2","2","2","1","1"
"bending_desc_04","bending_desc_01","0.026249999999999999","7.0260046904413151","4.7081312574938083","2.3178734329475068","0.39506503814716537","3","2","2","2","1","1"
"bending_desc_04","bending_desc_01","0.028750000000000001","7.0182621346842637","4.7111632233071088","2.3070989113771549","0.39338651996370921","3","2","2","2","1","1"
"bending_desc_04","bending_desc_01","0.03125","7.0100505670073119","4.7144522911950473","2.2955982758122646","0.39158987013360386","3","2","2","2","1","1"
"bending_desc_04","bending_desc_01","0.033750000000000002","7.0014107605868308","4.7179941914982955","2.2834165690885353","0.38968131546342172","3","2","2","2","1","1"
"bending_desc_04","bending_desc_01","0.036249999999999998","6.9923814425069626","4.721784201844514","2.2705972406624486","0.38766691706418227","3","2","2","2","1","1"
"bending_desc_04","bending_desc_01","0.037499999999999999","6.9877322313732986","4.7237708018547426","2.2639614295185559","0.38662184061178362","3","2","2","2","1","1"
"bending_desc_04","bending_desc_01","0.03875","6.9829991601296824","4.7258176663220546","2.2571814938076278","0.3855524477432018","3","2","2","2","1","1"
"bending_desc_04","bending_desc_01","0.041250000000000002","6.9732980523699917","4.7300896191570585","2.2432084332129332","0.38334343801502746","3","2","2","2","1","1"
"bending_desc_04","bending_desc_01","0.043749999999999997","6.9633098931697681","4.7345949929023909","2.2287149002673772","0.38104513961657277","3","2","2","2","1","1"
"bending_desc_04","bending_desc_01","0.046249999999999999","6.9530640996161255","4.7393288075338491","2.2137352920822764","0.37866248759542842","3","2","2","2","1","1"
"bending_desc_04","bending_desc_01","0.048750000000000002","6.9425877318492306","4.7442858723853893","2.1983018594638413","0.37620015992426048","3","2","2","2","1","2"
"bending_desc_04","bending_desc_01","0.050000000000000003","6.9372709354355226","4.7468464320371924","2.1904245033983303","0.37494051702976361","3","2","2","2","1","2"
"bending_desc_04","bending_desc_01","0.051249999999999997","6.9319056811480042","4.7494608725654972","2.182444808582507","0.37366258451819723","3","2","2","2","1","2"
"bending_desc_04","bending_desc_01","0.053749999999999999","6.9210408215479227","4.7548486009098312","2.1661922206380915","0.37105391157123718","3","2","2","2","1","2"
"bending_desc_04","bending_desc_01","0.056250000000000001","6.9100140217429216","4.7604438566608884","2.1495701650820331","0.36837803408893055","3","2","2","2","1","2"
"bending_desc_04","bending_desc_01","0.058749999999999997","6.8988443874169905","4.766241428113644","2.1326029593033464","0.36563862332912228","3","2","2","2","1","2"
"bending_desc_04","bending_desc_01","0.061249999999999999","6.8875494307137748","4.772236130520942","2.1153133001928328","0.36283914298143077","3","2","2","2","1","2"
"bending_desc_04","bending_desc_01","0.0625","6.8818599895838846","4.775305809289228","2.1065541802946566","0.36141789807918751","3","2","2","2","1","2"
"bending_desc_04","bending_desc_01","0.063750000000000001","6.8761450792280874","4.7784228093484771","2.0977222698796103","0.35998284791591983","3","2","2","2","1","2"
"bending_desc_04","bending_desc_01","0.066250000000000003","6.8646459735876126","4.784796444973372","2.0798495286142407","0.35707280295242788","3","2","2","2","1","2"
"bending_desc_04","bending_desc_01","0.068750000000000006","6.8530654313828352","4.7913519591331868","2.0617134722496484","0.35411191528205493","3","2","2","2","1","2"
"bending_desc_04","bending_desc_01","0.071249999999999994","6.8414156859641526","4.7980844381955752","2.0433312477685774","0.35110292125471987","3","2","2","2","1","2"
"bending_desc_04","bending_desc_01","0.073749999999999996","6.8297079414046955","4.8049890859407229","2.0247188554639726","0.34804840224119427","3","2","2","2","1","2"
"bending_desc_04","bending_desc_01","0.074999999999999997","6.8238355693368176","4.8085044529851189","2.0153311163516987","0.34650484983835911","3","2","2","2","1","2"
"bending_desc_04","bending_desc_01","0.087499999999999994","6.7646984271111128","4.8458340906583208","1.918864336452792","0.33053855773041424","3","2","2","2","1","2"
"bending_desc_04","bending_desc_01","0.088749999999999996","6.758764665659232","4.8497725614664464","1.9089921041927855","0.32889451389827862","3","2","2","2","1","2"
"bending_desc_04","bending_desc_01","0.091249999999999998","6.7468972044587776","4.8577545779187243","1.8891426265400533","0.32558368177989661","3","2","2","2","1","2"
"bending_desc_04","bending_desc_01","0.09375","6.7350347297105415","4.8658733915022454","1.8691613382082961","0.32224396895109442","3","2","2","2","1","2"
"bending_desc_04","bending_desc_01","0.096250000000000002","6.72318275216064","4.8741251235894731","1.8490576285711668","0.31887704429017238","3","2","2","2","1","2"
"bending_desc_04","bending_desc_01","0.098750000000000004","6.7113465016032023","4.8825057337658251","1.8288407678373773","0.31548457418806597","3","2","2","2","1","2"
"bending_desc_04","bending_desc_01","0.10000000000000001","6.7054357896246728","4.8867432751479134","1.8186925144767594","0.31377923068900387","3","2","2","2","1","2"
"bending_desc_04","bending_desc_01","0.10125000000000001","6.6995308082874709","4.8910115475175457","1.8085192607699252","0.31206809918849826","3","2","2","2","1","2"
"bending_desc_04","bending_desc_01","0.10375","6.6877402779131065","4.8996387911412134","1.7881014867718932","0.30862915178933997","3","2","2","2","1","2"
"bending_desc_04","bending_desc_01","0.10625","6.6759792791493933","4.9083836958918745","1.7675955832575188","0.30516923322686579","3","2","2","2","1","2"
"bending_desc_04","bending_desc_01","0.10875","6.6642519704111045","4.9172428581144469","1.7470091122966576","0.301689745263923","3","2","2","2","1","2"
"bending_desc_04","bending_desc_01","0.11125","6.6525622657755399","4.9262124542325481","1.7263498115429918","0.29819214092832541","3","2","2","2","1","2"
"bending_desc_04","bending_desc_01","0.1125","6.6467327413997328","4.9307376839338177","1.7159950574659151","0.29643695806141118","3","2","2","2","1","2"
"bending_desc_04","bending_desc_01","0.11375","6.6409139836643787","4.9352892393132173","1.7056247443511614","0.29467774735772923","3","2","2","2","1","2"
"bending_desc_04","bending_desc_01","0.11625000000000001","6.6293107854582205","4.9444696864785298","1.6848410989796907","0.2911479275185786","3","2","2","2","1","2"
"bending_desc_04","bending_desc_01","0.11874999999999999","6.6177561499899102","4.9537503699368512","1.664005780053059","0.28760399990918228","3","2","2","2","1","2"
"bending_desc_04","bending_desc_01","0.12125","6.6062535594674952","4.9631279206266452","1.6431256388408499","0.2840472745527412","3","2","2","2","1","2"
"bending_desc_04","bending_desc_01","0.12375","6.5948063444260576","4.972598929291669","1.6222074151343886","0.28047904897396514","3","2","2","2","1","2"
"bending_desc_04","bending_desc_01","0.125","6.5891045546058393","4.9773684396063844","1.6117361149994549","0.2786910263493384","3","2","2","2","1","2"
"bending_desc_04","bending_desc_01","0.12625","6.5834177971070291","4.9821600909504946","1.6012577061565345","0.27690059617513346","3","2","2","2","1","2"
"bending_desc_04","bending_desc_01","0.12875","6.5720911873312495","4.9918080900612667","1.5802830972699828","0.27331318949819022","3","2","2","2","1","2"
"bending_desc_04","bending_desc_01","0.13125000000000001","6.5608297441077115","5.0015395094775066","1.5592902346302049","0.26971811752971059","3","2","2","2","1","2"
"bending_desc_04","bending_desc_01","0.13375000000000001","6.5496366172331673","5.0113510970503334","1.5382855201828338","0.26611662570703976","3","2","2","2","1","2"
"bending_desc_04","bending_desc_01","0.13625000000000001","6.5385151099661591","5.0212392540727544","1.5172758558934047","0.26251005135774824","3","2","2","2","1","2"
"bending_desc_04","bending_desc_01","0.13750000000000001","6.532982198721017","5.026211095633264","1.5067711030877531","0.26070523516960087","3","2","2","2","1","2"
"bending_desc_04","bending_desc_01","0.13875000000000001","6.5274684260665197","5.0312008011652738","1.4962676249012459","0.25889963550061545","3","2","2","2","1","2"
"bending_desc_04","bending_desc_01","0.14124999999999999","6.5164998144930761","5.0412320904582506","1.4752677240348255","0.25528671821896504","3","2","2","2","1","2"
"bending_desc_04","bending_desc_01","0.14374999999999999","6.5056126660081759","5.0513295813831274","1.4542830846250485","0.25167264030471681","3","2","2","2","1","2"
"bending_desc_04","bending_desc_01","0.14624999999999999","6.4948103276403621","5.0614897574346944","1.4333205702056677","0.24805873154104036","3","2","2","2","1","2"
"bending_desc_04","bending_desc_01","0.14874999999999999","6.48409630684458","5.0717088965948909","1.4123874102496892","0.24444638610372318","3","2","2","2","1","2"
"bending_desc_04","bending_desc_01","0.14999999999999999","6.4787734998041584","5.0768393681495061","1.4019341316546523","0.2426412424290422","3","2","2","2","1","2"
"bending_desc_04","bending_desc_01","0.15125","6.4734741691244304","5.0819831159611564","1.391491053163274","0.24083703809095386","3","2","2","2","1","2"
"bending_desc_04","bending_desc_01","0.15375","6.4629476152607968","5.0923086492732379","1.3706389659875589","0.2372321192381327","3","2","2","2","1","2"
"bending_desc_04","bending_desc_01","0.15625","6.4525204693954175","5.1026813852870134","1.349839084108404","0.23363314654021705","3","2","2","2","1","2"
"bending_desc_04","bending_desc_01","0.15875","6.442196687056887","5.1130970670710676","1.3290996199858194","0.2300416844895905","3","2","2","2","1","2"
"bending_desc_04","bending_desc_01","0.16125","6.43198043712305","5.1235515345571221","1.3084289025659279","0.22645931070461703","3","2","2","2","1","2"
"bending_desc_04","bending_desc_01","0.16250000000000001","6.4269139806933397","5.1287918539638575","1.2981221267294822","0.22467206162971548","3","2","2","2","1","2"
"bending_desc_04","bending_desc_01","0.16375000000000001","6.4218760859430359","5.1340400918944091","1.2878359940486268","0.22288773546462851","3","2","2","2","1","2"
"bending_desc_04","bending_desc_01","0.16625000000000001","6.4118880928850723","5.1445582068019853","1.2673298860830871","0.2193286505588497","3","2","2","2","1","2"
"bending_desc_04","bending_desc_01","0.16875000000000001","6.4020212507681453","5.1551007977295571","1.2469204530385882","0.21578390326001168","3","2","2","2","1","2"
"bending_desc_04","bending_desc_01","0.17125000000000001","6.3922805515821324","5.1656626783498192","1.2266178732323132","0.21225538987866011","3","2","2","2","1","2"
"bending_desc_04","bending_desc_01","0.17374999999999999","6.3826712649557891","5.1762385997558162","1.2064326651999728","0.20874505975396726","3","2","2","2","1","2"
"bending_desc_04","bending_desc_01","0.17499999999999999","6.3779176372904081","5.1815299820478566","1.1963876552425514","0.20699737472594562","3","2","2","2","1","2"
"bending_desc_04","bending_desc_01","0.17624999999999999","6.3731989695674756","5.1868227166867955","1.18637625288068","0.20525502201978912","3","2","2","2","1","2"
"bending_desc_04","bending_desc_01","0.17874999999999999","6.363869610080668","5.1974090606994539","1.1664605493812141","0.20178746358381908","3","2","2","2","1","2"
"bending_desc_04","bending_desc_01","0.18124999999999999","6.3546892788378555","5.2079913060351934","1.1466979728026621","0.19834465968087658","3","2","2","2","1","2"
"bending_desc_04","bending_desc_01","0.18375","6.345664672507108","5.2185626371713871","1.1271020353357208","0.19492906964781137","3","2","2","2","1","2"
"bending_desc_04","bending_desc_01","0.18625","6.3368027487977452","5.229116169697428","1.1076865791003172","0.1915432032519275","3","2","2","2","1","2"
"bending_desc_04","bending_desc_01","0.1875","6.3324350826108038","5.2343838843629715","1.0980511982478323","0.18986226055461733","3","2","2","2","1","2"
"bending_desc_04","bending_desc_01","0.18875","6.3281108878659031","5.2396442042845237","1.0884666835813794","0.18818978702617661","3","2","2","2","1","2"
"bending_desc_04","bending_desc_01","0.19125","6.3195970152348062","5.2501389239322096","1.0694580913025966","0.18487165081826304","3","2","2","2","1","2"
"bending_desc_04","bending_desc_01","0.19375000000000001","6.3112694590830216","5.2605919344168584","1.0506775246661633","0.18159179218243099","3","2","2","2","1","2"
"bending_desc_04","bending_desc_01","0.19625000000000001","6.3031370401622002","5.2709942247582582","1.032142815403942","0.17835339720609869","3","2","2","2","1","2"
"bending_desc_04","bending_desc_01","0.19875000000000001","6.2952091709568698","5.281336284548261","1.0138728864086088","0.17515983335537633","3","2","2","2","1","2"
"bending_desc_04","bending_desc_01","0.20000000000000001","6.2913250137078327","5.2864817813856773","1.0048432323221554","0.17358092946377235","3","2","2","2","1","2"
"bending_desc_04","bending_desc_01","0.20125000000000001","6.2874958187320376","5.2916083528319957","0.99588746590004185","0.17201459649110723","3","2","2","2","1","2"
"bending_desc_04","bending_desc_01","0.20374999999999999","6.2800076565847052","5.3017995636159032","0.97820809296880196","0.16892149461141839","3","2","2","2","1","2"
"bending_desc_04","bending_desc_01","0.20624999999999999","6.2727557004207526","5.3118988309411455","0.96085686947960713","0.16588442354985761","3","2","2","2","1","2"
"bending_desc_04","bending_desc_01","0.20874999999999999","6.2657519657988878","5.3218941912112774","0.94385777458761044","0.16290759344883962","3","2","2","2","1","2"
"bending_desc_04","bending_desc_01","0.21124999999999999","6.2590088872034846","5.3317732874861665","0.92723559971731806","0.15999534556728831","3","2","2","2","1","2"
"bending_desc_04","bending_desc_01","0.21249999999999999","6.2557392302738899","5.3366650283269923","0.9190742019468976","0.15856489843597346","3","2","2","2","1","2"
"bending_desc_04","bending_desc_01","0.21375","6.2525397125034328","5.3415227547889916","0.91101695771444113","0.1571523286655522","3","2","2","2","1","2"
"bending_desc_04","bending_desc_01","0.21625","6.2463582516856828","5.3511287412257547","0.89522951045992816","0.15438336098278982","3","2","1","2","1","2"
"bending_desc_04","bending_desc_01","0.21875","6.2404791425107344","5.3605767245803966","0.87990241793033785","0.15169350583447647","3","2","1","2","1","2"
"bending_desc_04","bending_desc_01","0.22125","6.2349176673313034","5.3698513797436558","0.86506628758764759","0.14908806613530873","3","2","1","2","1","2"
"bending_desc_04","bending_desc_01","0.22375","6.229689695788629","5.3789367848944751","0.85075291089415384","0.14657253591711597","3","2","1","2","1","2"
"bending_desc_04","bending_desc_01","0.22500000000000001","6.2272059084658871","5.3834034198309224","0.84380248863496465","0.14535025075359145","3","2","1","2","1","2"
"bending_desc_04","bending_desc_01","0.22625000000000001","6.2248117649534098","5.3878165514540495","0.83699521349936035","0.14415258814695231","3","2","1","2","1","2"
"bending_desc_04","bending_desc_01","0.22875000000000001","6.2203010196731165","5.3964733864428567","0.82382763323025987","0.14183414507843642","3","2","1","2","1","2"
"bending_desc_04","bending_desc_01","0.23125000000000001","6.2161750266047404","5.4048898078302248","0.81128521877451565","0.13962321531337737","3","2","1","2","1","2"
"bending_desc_04","bending_desc_01","0.23375000000000001","6.2124517826100396","5.4130478143638596","0.79940396824617999","0.13752595517774802","3","2","1","2","1","2"
"bending_desc_04","bending_desc_01","0.23624999999999999","6.2091496588721427","5.4209291314269441","0.78822052744519855","0.13554861349738595","3","2","1","2","1","2"
"bending_desc_04","bending_desc_01","0.23749999999999999","6.2076622867818765","5.4247602502498031","0.78290203653207335","0.13460687729313717","3","2","1","2","1","2"
"bending_desc_04","bending_desc_01","0.23874999999999999","6.2062870669398835","5.4285152341925293","0.77777183274735417","0.13369747291222195","3","2","1","2","1","2"
"bending_desc_04","bending_desc_01","0.24124999999999999","6.2038824823784831","5.4357876648477541","0.76809481753072895","0.13197879455609279","3","2","1","2","1","2"
"bending_desc_04","bending_desc_01","0.24374999999999999","6.2019540777728359","5.4427282680732363","0.75922580969959963","0.13039871542231174","3","2","1","2","1","2"
"bending_desc_04","bending_desc_01","0.24625","6.2005197676035451","5.4493190704062489","0.75120069719729621","0.12896327711356184","3","2","1","2","1","2"
"bending_desc_04","bending_desc_01","0.24875","6.1995968074447418","5.4555427853945817","0.74405402205016014","0.12767826865107504","3","2","1","2","1","2"
"bending_desc_04","bending_desc_01","0.25","6.1993322866039513","5.4585117618868697","0.7408205247170816","0.12709391575931836","3","2","1","2","1","2"
"bending_desc_04","bending_desc_01","0.25124999999999997","6.1992016165118269","5.4613829916819059","0.737818624829921","0.1265491653499887","3","2","1","2","1","2"
"bending_desc_04","bending_desc_01","0.25374999999999998","6.1993494123861907","5.4668243071741491","0.73252510521204162","0.12558103844859392","3","2","1","2","1","2"
"bending_desc_04","bending_desc_01","0.25624999999999998","6.2000542266865137","5.4718527950392648","0.72820143164724893","0.12477848397726164","3","2","1","2","1","2"
"bending_desc_04","bending_desc_01","0.25874999999999998","6.2013284884568467","5.4764559176728982","0.72487257078394851","0.12414556487332616","3","2","1","2","1","2"
"bending_desc_04","bending_desc_01","0.26124999999999998","6.2031826327417141","5.4806228003598525","0.72255983238186161","0.12368570095061091","3","2","1","2","1","2"
"bending_desc_04","bending_desc_01","0.26250000000000001","6.2043300169501086","5.4825399969710045","0.72179001997910408","0.12352152785464809","3","2","1","2","1","2"
"bending_desc_04","bending_desc_01","0.26374999999999998","6.2056254363819399","5.4843449535466036","0.7212804828353363","0.1234015927802098","3","2","1","2","1","2"
"bending_desc_04","bending_desc_01","0.26624999999999999","6.2086633731319516","5.4876154692852506","0.72104790384670103","0.12329526570994202","3","2","1","2","1","2"
"bending_desc_04","bending_desc_01","0.26874999999999999","6.2123005442742691","5.4904301195952874","0.72187042467898177","0.12336786095704134","3","2","1","2","1","2"
"bending_desc_04","bending_desc_01","0.27124999999999999","6.2165388714089485","5.4927867779658062","0.72375209344314229","0.12361977369410486","3","2","1","2","1","2"
"bending_desc_04","bending_desc_01","0.27374999999999999","6.2213780268701644","5.4946854440295505","0.72669258284061389","0.12405063947384176","3","2","1","2","1","2"
"bending_desc_04","bending_desc_01","0.27500000000000002","6.2240220560014645","5.4954638869136465","0.72855816908781801","0.12433278603457178","3","2","1","2","1","2"
"bending_desc_04","bending_desc_01","0.27625","6.2268150779986557","5.4961287679464235","0.73068631005223228","0.12465918452812071","3","2","1","2","1","2"
"bending_desc_04","bending_desc_01","0.27875","6.2328450420665105","5.4971213774162129","0.73572366465029759","0.12544343919489961","3","2","1","2","1","2"
"bending_desc_04","bending_desc_01","0.28125","6.2394609052445826","5.4976699851634168","0.74179092008116587","0.12640072382380668","3","2","1","2","1","2"
"bending_desc_04","bending_desc_01","0.28375","6.2466533759038843","5.4977831379991509","0.74887023790473339","0.12752765737517038","3","2","1","2","1","2"
"bending_desc_04","bending_desc_01","0.28625","6.2544116288225631","5.4974713989315225","0.75694022989104059","0.12882024576034265","3","2","1","3","1","2"
"bending_desc_04","bending_desc_01","0.28749999999999998","6.2584991445230465","5.4971598365289882","0.76133930799405825","0.12952728710848069","3","2","1","3","1","2"
"bending_desc_04","bending_desc_01","0.28875000000000001","6.2627232669058186","5.4967465367474908","0.76597673015832779","0.13027402475583755","3","2","1","3","1","2"
"bending_desc_04","bending_desc_01","0.29125000000000001","6.2715744487944791","5.4956216429560003","0.77595280583847881","0.13188406138357275","3","2","1","3","1","2"
"bending_desc_04","bending_desc_01","0.29375000000000001","6.2809502579125143","5.4941108331956334","0.78683942471688084","0.1336450687820307","3","2","1","3","1","2"
"bending_desc_04","bending_desc_01","0.29625000000000001","6.2908349170491764","5.4922291317887639","0.79860578526041248","0.13555146300663146","3","2","1","3","1","2"
"bending_desc_04","bending_desc_01","0.29875000000000002","6.3012117935275498","5.4899921979375135","0.81121959559003631","0.13759741518800436","3","2","1","3","1","2"
"bending_desc_04","bending_desc_01","0.29999999999999999","6.3065796443015101","5.4887454905205892","0.81783415378092084","0.13867089621235024","3","2","1","3","1","2"
"bending_desc_04","bending_desc_01","0.30125000000000002","6.3120640395489351","5.4874158156918007","0.82464822385713443","0.13977704678073027","3","2","1","3","1","2"
"bending_desc_04","bending_desc_01","0.30375000000000002","6.323374357834326","5.4845163568403477","0.83885800099397834","0.14208430976608852","3","2","1","3","1","2"
"bending_desc_04","bending_desc_01","0.30625000000000002","6.3351251524091969","5.4813096217944421","0.85381553061475479","0.14451322195400468","3","2","1","3","1","2"
"bending_desc_04","bending_desc_01","0.30875000000000002","6.34729911236278","5.477811963137162","0.86948714922561798","0.14705775593551587","3","2","1","3","1","2"
"bending_desc_04","bending_desc_01","0.31125000000000003","6.3598786933570643","5.474039089165287","0.88583960419177732","0.14971197543726117","3","2","1","3","1","2"
"bending_desc_04","bending_desc_01","0.3125","6.3663152332471702","5.4720542713824241","0.89426096186474613","0.15107840003051609","3","2","1","3","1","2"
"bending_desc_04","bending_desc_01","0.31374999999999997","6.3728467091770495","5.4700063461515613","0.9028403630254882","0.1524700777435149","3","2","1","3","1","2"
"bending_desc_04","bending_desc_01","0.31624999999999998","6.386186233043885","5.4657288941584925","0.9204573388853925","0.15532634667164794","3","2","1","3","1","2"
"bending_desc_04","bending_desc_01","0.31874999999999998","6.3998804551690753","5.4612209576924808","0.9386594974765945","0.15827526716174289","3","2","1","3","1","2"
"bending_desc_04","bending_desc_01","0.32124999999999998","6.4139130510450659","5.4564969246460251","0.95741612639904083","0.1613113832394488","3","2","1","3","1","2"
"bending_desc_04","bending_desc_01","0.32374999999999998","6.4282679638307503","5.4515698738945906","0.9766980899361597","0.16442953233495827","3","2","1","3","1","2"
"bending_desc_04","bending_desc_01","0.32500000000000001","6.4355613128832561","5.449034139036006","0.98652717384725008","0.16601779637150951","3","2","1","3","1","2"
"bending_desc_04","bending_desc_01","0.32624999999999998","6.4429294266694166","5.4464526037805969","0.99647682288881967","0.16762466212907165","3","2","1","3","1","2"
"bending_desc_04","bending_desc_01","0.32874999999999999","6.4578818422905986","5.4411574564906431","1.0167243857999555","0.17089184433638999","3","2","1","3","1","2"
"bending_desc_04","bending_desc_01","0.33124999999999999","6.4731102015772928","5.4356960003486812","1.0374142012286116","0.17422639744709825","3","2","1","3","1","2"
"bending_desc_04","bending_desc_01","0.33374999999999999","6.4885993152081571","5.4300790139216231","1.0585203012865341","0.17762377204181498","3","2","1","3","1","2"
"bending_desc_04","bending_desc_01","0.33624999999999999","6.5043343864184164","5.4243170334671396","1.0800173529512769","0.18107953949443828","3","2","1","3","1","2"
"bending_desc_04","bending_desc_01","0.33750000000000002","6.5122895204985749","5.4213847226120668","1.0909047978865081","0.18282798334574818","3","2","1","3","1","2"
"bending_desc_04","bending_desc_01","0.33875","6.5203007105874038","5.4184196144571573","1.1018810961302465","0.18458948130626116","3","2","1","3","1","2"
"bending_desc_04","bending_desc_01","0.34125","6.5364835913602946","5.4123963914618072","1.1240871998984874","0.18814938329190564","3","2","1","3","1","2"
"bending_desc_04","bending_desc_01","0.34375","6.5528682273066847","5.4062557734314849","1.1466124538751998","0.19175525796110582","3","2","1","3","1","2"
"bending_desc_04","bending_desc_01","0.34625","6.5694397783979745","5.4000059891772993","1.1694337892206752","0.19540316434510649","3","2","1","3","1","2"
"bending_desc_04","bending_desc_01","0.34875","6.5861830629217923","5.3936546569266408","1.1925284059951515","0.19908924208870488","3","2","1","3","1","2"
"bending_desc_04","bending_desc_01","0.34999999999999998","6.5946141624516779","5.3904432371797828","1.2041709252718951","0.20094537474787949","3","2","1","3","1","2"
"bending_desc_04","bending_desc_01","0.35125000000000001","6.6030824479485606","5.387209269876327","1.2158731780722336","0.20280960742009377","3","2","1","3","1","2"
"bending_desc_04","bending_desc_01","0.35375000000000001","6.6201221873242568","5.3806763438230698","1.239445843501187","0.2065605618299953","3","2","1","3","1","2"
"bending_desc_04","bending_desc_01","0.35625000000000001","6.6372856901057018","5.3740622613287998","1.263223428776902","0.21033832903425909","3","2","1","3","1","2"
"bending_desc_04","bending_desc_01","0.35875000000000001","6.6545556362954414","5.3673731727058538","1.2871824635895877","0.21413909265971082","3","2","1","3","1","2"
"bending_desc_04","bending_desc_01","0.36125000000000002","6.671913853201711","5.3606145418116116","1.3112993113900995","0.21795906368831761","3","2","1","3","1","2"
"bending_desc_04","bending_desc_01","0.36249999999999999","6.6806201523755888","5.3572106657865071","1.3234094865890818","0.21987507659476085","3","2","1","3","1","2"
"bending_desc_04","bending_desc_01","0.375","6.7680366681824449","5.3224179827429756","1.4456186854394693","0.23913388324546087","3","2","1","3","1","2"
"bending_desc_04","bending_desc_01","0.38750000000000001","6.8537381793669283","5.2865969081179269","1.5671412712490014","0.25817100762968648","3","2","1","3","1","2"
"bending_desc_04","bending_desc_01","0.40000000000000002","6.9330793044105317","5.2501340818108639","1.6829452225996677","0.27627279753681311","3","2","1","3","1","2"
"bending_desc_04","bending_desc_01","0.41249999999999998","6.9994542161692719","5.2133133302693899","1.786140885899882","0.292503870086471","3","2","1","3","1","2"
"bending_desc_04","bending_desc_01","0.41375000000000001","7.0050827874144392","5.2096203001822303","1.7954624872322089","0.29398381186283573","3","2","1","3","1","2"
"bending_desc_04","bending_desc_01","0.41625000000000001","7.0156933423619181","5.2022303310811751","1.8134630112807431","0.29685289575388174","3","2","1","3","1","2"
"bending_desc_04","bending_desc_01","0.41875000000000001","7.025399655637405","5.1948365807699401","1.8305630748674648","0.29959536615400756","3","2","1","3","1","2"
"bending_desc_04","bending_desc_01","0.42125000000000001","7.0341584951191534","5.1874404037513901","1.8467180913677632","0.30220564537401523","3","2","1","3","1","2"
"bending_desc_04","bending_desc_01","0.42375000000000002","7.0419359395177601","5.1800430292470709","1.8618929102706891","0.30467944921670154","3","2","1","3","1","2"
"bending_desc_04","bending_desc_01","0.42499999999999999","7.0454489443964272","5.1763442468970746","1.8691046974993526","0.3058642325630016","3","2","1","3","1","2"
"bending_desc_04","bending_desc_01","0.42625000000000002","7.048708902027883","5.1726454189623698","1.8760634830655132","0.30701400741542406","3","2","1","3","1","2"
"bending_desc_04","bending_desc_01","0.42875000000000002","7.0544663051409264","5.1652489372369494","1.889217367903977","0.30920808389252574","3","2","1","3","1","2"
"bending_desc_04","bending_desc_01","0.43125000000000002","7.0592088636405652","5.1578544056140432","1.901354458026522","0.3112621120349699","3","2","1","3","1","2"
"bending_desc_04","bending_desc_01","0.43375000000000002","7.0629490361971152","5.150462595198956","1.9124864409981592","0.31317808630667593","3","2","1","3","1","2"
"bending_desc_04","bending_desc_01","0.43625000000000003","7.0657101774975812","5.1430748340469883","1.9226353434505929","0.31495932504873464","3","2","1","3","1","2"
"bending_desc_04","bending_desc_01","0.4375","7.0667336351773109","5.1393825323758628","1.9273511028014481","0.31580087823919228","3","2","1","3","1","2"
"bending_desc_04","bending_desc_01","0.43874999999999997","7.0675250843071442","5.135691509799841","1.9318335745073032","0.31661055257188481","3","2","1","3","1","2"
"bending_desc_04","bending_desc_01","0.44124999999999998","7.0684340127567191","5.1283138315668513","1.9401201811898678","0.3181372946219938","3","2","1","3","1","2"
"bending_desc_04","bending_desc_01","0.44374999999999998","7.0684834017652136","5.1209423035821402","1.9475410981830734","0.31954599753271568","3","2","1","3","1","2"
"bending_desc_04","bending_desc_01","0.44624999999999998","7.0677236731050908","5.1135776770574397","1.954145996047651","0.32084355191189445","3","2","1","3","1","2"
"bending_desc_04","bending_desc_01","0.44874999999999998","7.0662074776925206","5.1062208645157554","1.9599866131767651","0.32203707560642608","3","2","1","3","1","2"
"bending_desc_04","bending_desc_01","0.45000000000000001","7.0651825505321693","5.1025454572962854","1.9626370932358839","0.32259713431680348","3","2","1","3","1","2"
"bending_desc_04","bending_desc_01","0.45124999999999998","7.0639885841995049","5.0988722009240819","1.965116383275423","0.32313391035092004","3","2","1","3","1","2"
"bending_desc_04","bending_desc_01","0.45374999999999999","7.0611197364945948","5.0915322231384774","1.9695875133561174","0.3241411866148079","3","2","1","3","1","2"
"bending_desc_04","bending_desc_01","0.45624999999999999","7.0576527848017161","5.0842017875800822","1.9734509972216339","0.32506582671653811","3","2","1","3","1","2"
"bending_desc_04","bending_desc_01","0.45874999999999999","7.0536375056202747","5.076881551271744","1.9767559543485307","0.32591448809033874","3","2","1","3","1","2"
"bending_desc_04","bending_desc_01","0.46124999999999999","7.0491206952207985","5.0695715489901483","1.9795491462306503","0.32669352539689639","3","2","1","3","1","2"
"bending_desc_04","bending_desc_01","0.46250000000000002","7.0466882031990457","5.06592092054915","1.9807672826498957","0.32705873068526053","3","2","1","3","1","2"
"bending_desc_04","bending_desc_01","0.46375","7.0441464785095684","5.0622728249835474","1.9818736535260211","0.32740872488270462","3","2","1","3","1","2"
"bending_desc_04","bending_desc_01","0.46625","7.0387557906500673","5.0549849821077988","1.9837708085422685","0.3280657070161242","3","2","1","3","1","2"
"bending_desc_04","bending_desc_01","0.46875","7.0329866199954241","5.0477094453686098","1.9852771746268143","0.32866933558881667","3","2","1","3","1","2"
"bending_desc_04","bending_desc_01","0.47125","7.0268735057584015","5.0404465917190775","1.986426914039324","0.32922420189293916","3","2","1","3","1","2"
"bending_desc_04","bending_desc_01","0.47375","7.0204484399924869","5.0331956570477692","1.9872527829447177","0.32973477015679981","3","2","1","3","1","2"
"bending_desc_04","bending_desc_01","0.47499999999999998","7.017128006161494","5.0295751267123023","1.9875528794491917","0.32997457603573432","3","2","1","3","1","2"
"bending_desc_04","bending_desc_01","0.48749999999999999","6.980710587430444","4.9935590457662631","1.987151541664181","0.33190359037099482","3","2","1","3","1","2"
"bending_desc_04","bending_desc_01","0.5","6.9401095555424952","4.9579111428377249","1.9821984127047703","0.33319801048499165","3","2","1","3","1","2"
"bending_desc_04","bending_desc_01","0.51249999999999996","6.8969768630719628","4.9226587400777841","1.9743181229941786","0.33407427932347661","3","2","1","3","1","2"
"bending_desc_04","bending_desc_01","0.52500000000000002","6.8523435278386371","4.8878230929658173","1.9645204348728198","0.33466653384485062","3","2","1","3","1","2"
"bending_desc_04","bending_desc_01","0.53749999999999998","6.8068690270354857","4.8534194001354241","1.9534496269000616","0.33506025843204967","3","2","1","3","1","2"
"bending_desc_04","bending_desc_01","0.55000000000000004","6.760985576021258","4.8194565901138908","1.9415289859073672","0.33531171919929065","3","2","1","3","1","2"
"bending_desc_04","bending_desc_01","0.5625","6.7149840505870522","4.7859427914088517","1.9290412591782005","0.33545840012376416","3","2","1","3","1","2"
"bending_desc_04","bending_desc_01","0.57499999999999996","6.669064217299324","4.7528804821226309","1.916183735176693","0.33552670505814441","3","2","1","3","1","2"
"bending_desc_04","bending_desc_01","0.58750000000000002","6.6233640760321899","4.7202694624364252","1.9030946135957647","0.33553527750027817","3","2","1","3","1","2"
"bending_desc_04","bending_desc_01","0.59999999999999998","6.5779822781941224","4.6881091836142907","1.8898730945798317","0.33549755937743336","3","2","1","3","1","2"
"bending_desc_04","bending_desc_01","0.61250000000000004","6.5329872974481393","4.6563934681247519","1.8765938293233875","0.33542407191955215","3","2","1","3","1","2"
"bending_desc_04","bending_desc_01","0.625","6.4884276561469614","4.6251192907898622","1.8633083653570992","0.33532199472476687","3","2","1","3","1","2"
"bending_desc_04","bending_desc_01","0.63749999999999996","6.4443351826299731","4.5942800183846666","1.8500551642453065","0.33519696638673563","3","2","1","3","1","2"
"bending_desc_04","bending_desc_01","0.65000000000000002","6.4007329726913449","4.5638635230837536","1.8368694496075912","0.33505463704302801","3","2","1","3","1","2"
"bending_desc_04","bending_desc_01","0.66249999999999998","6.3576319315687684","4.5338629332275096","1.8237689983412588","0.33489783009237489","3","2","1","3","1","2"
"bending_desc_04","bending_desc_01","0.67500000000000004","6.315037095410112","4.5042669929601749","1.8107701024499372","0.33472949603040386","3","2","1","3","1","2"
"bending_desc_04","bending_desc_01","0.6875","6.2729483688071745","4.4750575692296222","1.7978907995775524","0.3345533692375221","3","2","1","3","1","2"
"bending_desc_04","bending_desc_01","0.69999999999999996","6.2313580158857382","4.446222175045504","1.7851358408402342","0.33437086098522556","3","2","1","3","1","2"
"bending_desc_04","bending_desc_01","0.71250000000000002","6.1902577912522743","4.4177476819022026","1.7725101093500717","0.33418348318837821","3","2","1","3","1","2"
"bending_desc_04","bending_desc_01","0.72499999999999998","6.14963124071385","4.3896089209744025","1.7600223197394476","0.33399415759352324","3","2","1","3","1","2"
"bending_desc_04","bending_desc_01","0.73750000000000004","6.1094561082438572","4.3617882525507703","1.7476678556930869","0.33380327981582164","3","2","1","3","1","2"
"bending_desc_04","bending_desc_01","0.75","6.0697073381777482","4.3342493610121338","1.7354579771656145","0.33361499424555435","3","2","1","3","1","2"
"bending_desc_04","bending_desc_01","0.76249999999999996","6.0303587549433768","4.3069782606526763","1.7233804942907005","0.33342832717761212","3","2","1","3","1","2"
"bending_desc_04","bending_desc_01","0.77500000000000002","5.9913788685923288","4.2799296879133424","1.7114491806789864","0.33324851867973215","3","2","1","3","1","2"
"bending_desc_04","bending_desc_01","0.78749999999999998","5.9527263921883193","4.2530782673459155","1.6996481248424038","0.33307479058098516","3","2","1","3","1","2"
"bending_desc_04","bending_desc_01","0.80000000000000004","5.9143729320242073","4.226391226422396","1.6879817056018114","0.33291015927943285","3","2","1","3","1","2"
"bending_desc_04","bending_desc_01","0.8125","5.8762616188705401","4.1998004863331406","1.6764611325373995","0.33276117495774626","3","2","1","3","1","2"
"bending_desc_04","bending_desc_01","0.82499999999999996","5.8383583658507279","4.173317179595589","1.6650411862551389","0.33261988539220327","3","2","1","3","1","2"
"bending_desc_04","bending_desc_01","0.83750000000000002","5.8006377042968413","4.1468552184020329","1.6537824858948085","0.33250236994310267","3","2","1","3","1","2"
"bending_desc_04","bending_desc_01","0.84999999999999998","5.7631236196140865","4.1203870831058946","1.6427365365081918","0.33241964033207438","3","2","1","3","1","2"
"bending_desc_04","bending_desc_01","0.86250000000000004","5.7258785393341505","4.0938583253297907","1.6320202140043598","0.33239591579630623","3","2","1","3","1","2"
"bending_desc_04","bending_desc_01","0.875","5.6889976258269606","4.0674422096551073","1.6215554161718533","0.33240719842797695","3","2","1","3","1","2"
"bending_desc_04","bending_desc_01","0.88749999999999996","5.6528751842193561","4.0413398968303662","1.6115352873889899","0.33247359872161764","3","2","1","3","1","2"
"bending_desc_04","bending_desc_01","0.90000000000000002","5.6179942587552434","4.0162066953353008","1.6017875634199426","0.33252110290264314","3","2","1","3","1","2"
"bending_desc_02","bending_desc_01","0","3.9265992490424351","4.6926813604978097","0.76608211145537464","0.17776010462112982","1","2","1","1","1","1"
"bending_desc_02","bending_desc_01","0.012500000000000001","3.9240962277470057","4.6962232776483317","0.77212704990132597","0.17914116742843755","1","2","1","1","1","1"
"bending_desc_02","bending_desc_01","0.01375","3.9235734854193272","4.6969641764732506","0.77339069105392344","0.17942980389093993","1","2","1","1","1","1"
"bending_desc_02","bending_desc_01","0.016250000000000001","3.9223824580114313","4.6986538069722998","0.77627134896086858","0.18008771221943898","1","2","1","1","1","1"
"bending_desc_02","bending_desc_01","0.018749999999999999","3.9209993121218654","4.7006184106967677","0.7796190985749023","0.1808521610768018","1","2","1","1","1","1"
"bending_desc_02","bending_desc_01","0.021250000000000002","3.9194270210335871","4.7028551244237038","0.7834281033901167","0.18172175073228641","1","2","1","1","1","1"
"bending_desc_02","bending_desc_01","0.02375","3.9176687868753799","4.7053606001694295","0.78769181329404958","0.18269491565863694","1","2","1","1","1","1"
"bending_desc_02","bending_desc_01","0.025000000000000001","3.9167210496681619","4.7067130408071707","0.78999199113900875","0.18321981309315338","1","2","1","1","1","1"
"bending_desc_02","bending_desc_01","0.026249999999999999","3.9157281134678454","4.7081312574938083","0.7924031440259629","0.18376995958309589","1","2","1","1","1","1"
"bending_desc_02","bending_desc_01","0.028750000000000001","3.9136089026314145","4.7111632233071088","0.79755432067569432","0.18494501861147009","1","2","1","1","1","1"
"bending_desc_02","bending_desc_01","0.03125","3.9113151370270711","4.7144522911950473","0.80313715416797615","0.18621813325043776","1","2","1","1","1","1"
"bending_desc_02","bending_desc_01","0.033750000000000002","3.9088511825836791","4.7179941914982955","0.80914300891461632","0.18758722889494733","1","2","1","1","1","1"
"bending_desc_02","bending_desc_01","0.036249999999999998","3.9062214332240641","4.721784201844514","0.81556276862044985","0.18905012423858192","1","2","1","1","1","1"
"bending_desc_02","bending_desc_01","0.037499999999999999","3.904845786936308","4.7237708018547426","0.81892501491843461","0.18981606297868281","1","2","1","1","1","1"
"bending_desc_02","bending_desc_01","0.03875","3.9034304500807813","4.7258176663220546","0.82238721624127331","0.19060460544135827","1","2","1","1","1","1"
"bending_desc_02","bending_desc_01","0.041250000000000002","3.9004832367759534","4.7300896191570585","0.82960638238110507","0.19224827742710018","1","2","1","1","1","1"
"bending_desc_02","bending_desc_01","0.043749999999999997","3.8973843839985363","4.7345949929023909","0.83721060890385468","0.19397882509872999","1","2","1","1","1","1"
"bending_desc_02","bending_desc_01","0.046249999999999999","3.8941391121223559","4.7393288075338491","0.84518969541149325","0.19579378837725495","1","2","1","1","1","1"
"bending_desc_02","bending_desc_01","0.048750000000000002","3.8907522990181818","4.7442858723853893","0.85353357336720759","0.19769074702966161","1","2","1","1","1","2"
"bending_desc_02","bending_desc_01","0.050000000000000003","3.8890073224025805","4.7468464320371924","0.85783910963461185","0.19866920724394826","1","2","1","1","1","2"
"bending_desc_02","bending_desc_01","0.051249999999999997","3.8872289256496764","4.7494608725654972","0.86223194691582083","0.19966722599994424","1","2","1","1","1","2"
"bending_desc_02","bending_desc_01","0.053749999999999999","3.8835741737757674","4.7548486009098312","0.87127442713406378","0.20172071913110887","1","2","1","1","1","2"
"bending_desc_02","bending_desc_01","0.056250000000000001","3.8797930173518798","4.7604438566608884","0.88065083930900867","0.20384877223858094","1","2","1","1","1","2"
"bending_desc_02","bending_desc_01","0.058749999999999997","3.8758903051369176","4.766241428113644","0.89035112297672647","0.20604895885840405","1","2","1","1","1","2"
"bending_desc_02","bending_desc_01","0.061249999999999999","3.8718712054105393","4.772236130520942","0.90036492511040267","0.20831877488790579","1","2","1","1","1","2"
"bending_desc_02","bending_desc_01","0.0625","3.8698194904863077","4.775305809289228","0.9054863188029203","0.20947905030975791","1","2","1","1","1","2"
"bending_desc_02","bending_desc_01","0.063750000000000001","3.8677404354709153","4.7784228093484771","0.91068237387756179","0.21065583614170699","1","2","1","1","1","2"
"bending_desc_02","bending_desc_01","0.066250000000000003","3.8635028418159441","4.784796444973372","0.92129360315742792","0.21305775219059481","1","2","1","1","1","2"
"bending_desc_02","bending_desc_01","0.068750000000000006","3.8591631354263232","4.7913519591331868","0.93218882370686362","0.21552215411846093","1","2","1","1","1","2"
"bending_desc_02","bending_desc_01","0.071249999999999994","3.8547260769820393","4.7980844381955752","0.94335836121353589","0.2180466935127775","1","2","1","1","1","2"
"bending_desc_02","bending_desc_01","0.073749999999999996","3.8501958571926842","4.8049890859407229","0.95479322874803874","0.22062919163975214","1","2","1","1","1","2"
"bending_desc_02","bending_desc_01","0.074999999999999997","3.8478972659792032","4.8085044529851189","0.96060718700591563","0.22194145285596695","1","2","1","1","1","2"
"bending_desc_02","bending_desc_01","0.087499999999999994","3.8238079276667407","4.8458340906583208","1.0220261629915801","0.23577124887770884","1","2","1","1","1","2"
"bending_desc_02","bending_desc_01","0.088749999999999996","3.8212995382313881","4.8497725614664464","1.0284730232350583","0.23721934529200792","1","2","1","1","1","2"
"bending_desc_02","bending_desc_01","0.091249999999999998","3.8162346306043853","4.8577545779187243","1.0415199473143391","0.24014785406717723","1","2","1","1","1","2"
"bending_desc_02","bending_desc_01","0.09375","3.8111083113516595","4.8658733915022454","1.0547650801505859","0.24311796803804903","1","2","1","1","1","2"
"bending_desc_02","bending_desc_01","0.096250000000000002","3.8059240709196898","4.8741251235894731","1.0682010526697834","0.24612787986167348","1","2","1","1","1","2"
"bending_desc_02","bending_desc_01","0.098750000000000004","3.8006852392794417","4.8825057337658251","1.0818204944863834","0.24917579213554483","1","2","1","1","1","2"
"bending_desc_02","bending_desc_01","0.10000000000000001","3.7980463520451742","4.8867432751479134","1.0886969231027392","0.25071348180821845","1","2","1","1","1","2"
"bending_desc_02","bending_desc_01","0.10125000000000001","3.7953948747561834","4.8910115475175457","1.0956166727613623","0.25226005312207733","1","2","1","1","1","2"
"bending_desc_02","bending_desc_01","0.10375","3.7900558523980896","4.8996387911412134","1.1095829387431237","0.25537904017561469","1","2","1","1","1","2"
"bending_desc_02","bending_desc_01","0.10625","3.7846713243826375","4.9083836958918745","1.123712371509237","0.25853106160916767","1","2","1","1","1","2"
"bending_desc_02","bending_desc_01","0.10875","3.7792438830208459","4.9172428581144469","1.137998975093601","0.26171464614802364","1","2","1","1","1","2"
"bending_desc_02","bending_desc_01","0.11125","3.773776140024041","4.9262124542325481","1.152436314208507","0.26492823564603363","1","2","1","1","1","2"
"bending_desc_02","bending_desc_01","0.1125","3.7710281940119246","4.9307376839338177","1.1597094899218932","0.26654578075034813","1","2","1","1","1","2"
"bending_desc_02","bending_desc_01","0.11375","3.7682710464324027","4.9352892393132173","1.1670181928808145","0.26817030147814686","1","2","1","1","1","2"
"bending_desc_02","bending_desc_01","0.11625000000000001","3.7627306361758515","4.9444696864785298","1.1817390503026783","0.27143949984199428","1","2","1","1","1","2"
"bending_desc_02","bending_desc_01","0.11874999999999999","3.7571572640597428","4.9537503699368512","1.1965931058771084","0.2747344263431496","1","2","1","1","1","2"
"bending_desc_02","bending_desc_01","0.12125","3.7515535909392472","4.9631279206266452","1.211574329687398","0.27805361058334233","1","2","1","1","1","2"
"bending_desc_02","bending_desc_01","0.12375","3.7459213390660708","4.972598929291669","1.2266775902255982","0.28139582233411742","1","2","1","1","1","2"
"bending_desc_02","bending_desc_01","0.125","3.7430952117935408","4.9773684396063844","1.2342732278128437","0.28307513846805649","1","2","1","1","1","2"
"bending_desc_02","bending_desc_01","0.12625","3.7402627881621666","4.9821600909504946","1.241897302788328","0.28475970954406815","1","2","1","1","1","2"
"bending_desc_02","bending_desc_01","0.12875","3.7345796514977465","4.9918080900612667","1.2572284385635202","0.28814406964201894","1","2","1","1","1","2"
"bending_desc_02","bending_desc_01","0.13125000000000001","3.7288741858923675","5.0015395094775066","1.2726653235851391","0.29154754127174753","1","2","1","1","1","2"
"bending_desc_02","bending_desc_01","0.13375000000000001","3.7231480003073325","5.0113510970503334","1.2882030967430009","0.29496896900079916","1","2","1","1","1","2"
"bending_desc_02","bending_desc_01","0.13625000000000001","3.7174028132040426","5.0212392540727544","1.3038364408687118","0.29840710509270774","1","2","1","1","1","2"
"bending_desc_02","bending_desc_01","0.13750000000000001","3.7145237444619035","5.026211095633264","1.3116873511713605","0.30013205415051325","1","2","1","1","1","2"
"bending_desc_02","bending_desc_01","0.13875000000000001","3.7116403233470758","5.0312008011652738","1.319560477818198","0.3018607930821342","1","2","1","1","1","2"
"bending_desc_02","bending_desc_01","0.14124999999999999","3.7058621841075157","5.0412320904582506","1.3353699063507349","0.30532880164185194","1","2","1","1","1","2"
"bending_desc_02","bending_desc_01","0.14374999999999999","3.7000696119476366","5.0513295813831274","1.3512599694354908","0.30881004044821869","1","2","1","1","1","2"
"bending_desc_02","bending_desc_01","0.14624999999999999","3.6942642409796109","5.0614897574346944","1.3672255164550835","0.31230331886955531","1","2","1","1","1","2"
"bending_desc_02","bending_desc_01","0.14874999999999999","3.6884473495399028","5.0717088965948909","1.383261547054988","0.31580750575432226","1","2","1","1","1","2"
"bending_desc_02","bending_desc_01","0.14999999999999999","3.6855351374615468","5.0768393681495061","1.3913042306879593","0.31756328830661756","1","2","1","1","1","2"
"bending_desc_02","bending_desc_01","0.15125","3.6826203362441268","5.0819831159611564","1.3993627797170296","0.31932141307886158","1","2","1","1","1","2"
"bending_desc_02","bending_desc_01","0.15375","3.6767845264581265","5.0923086492732379","1.4155241228151114","0.32284390060596052","1","2","1","1","1","2"
"bending_desc_02","bending_desc_01","0.15625","3.6709411330322261","5.1026813852870134","1.4317402522547873","0.32637379811254186","1","2","1","1","1","2"
"bending_desc_02","bending_desc_01","0.15875","3.665090918490685","5.1130970670710676","1.4480061485803826","0.32991003404393798","1","2","1","1","1","2"
"bending_desc_02","bending_desc_01","0.16125","3.6592354651491359","5.1235515345571221","1.4643160694079862","0.3334513451042273","1","2","1","1","1","2"
"bending_desc_02","bending_desc_01","0.16250000000000001","3.6563058971122757","5.1287918539638575","1.4724859568515818","0.33522357942373704","1","2","1","1","1","2"
"bending_desc_02","bending_desc_01","0.16375000000000001","3.653375452730673","5.1340400918944091","1.4806646391637361","0.33699661331468517","1","2","1","1","1","2"
"bending_desc_02","bending_desc_01","0.16625000000000001","3.647512104476839","5.1445582068019853","1.4970461023251462","0.34054461561907096","1","2","1","1","1","2"
"bending_desc_02","bending_desc_01","0.16875000000000001","3.641646124515864","5.1551007977295571","1.5134546732136931","0.34409417176398088","1","2","1","1","1","2"
"bending_desc_02","bending_desc_01","0.17125000000000001","3.635778835543455","5.1656626783498192","1.5298838428063641","0.34764392637079006","1","2","1","1","1","2"
"bending_desc_02","bending_desc_01","0.17374999999999999","3.6299107217815245","5.1762385997558162","1.5463278779742917","0.35119274532227451","1","2","1","1","1","2"
"bending_desc_02","bending_desc_01","0.17499999999999999","3.6269765146722599","5.1815299820478566","1.5545534673755967","0.35296641217315128","1","2","1","1","1","2"
"bending_desc_02","bending_desc_01","0.17624999999999999","3.6240424906256701","5.1868227166867955","1.5627802260611254","0.35473933360463078","1","2","1","1","1","2"
"bending_desc_02","bending_desc_01","0.17874999999999999","3.6181752780983447","5.1974090606994539","1.5792337826011091","0.35828226965076554","1","2","1","1","1","2"
"bending_desc_02","bending_desc_01","0.18124999999999999","3.6123099365946918","5.2079913060351934","1.5956813694405017","0.36182015229328585","1","2","1","1","1","2"
"bending_desc_02","bending_desc_01","0.18375","3.6064469192507911","5.2185626371713871","1.612115717920596","0.3653516084291194","1","2","1","1","1","2"
"bending_desc_02","bending_desc_01","0.18625","3.600586651444341","5.229116169697428","1.628529518253087","0.36887527275634896","1","2","1","1","1","2"
"bending_desc_02","bending_desc_01","0.1875","3.5976579756021767","5.2343838843629715","1.6367259087607948","0.37063363935805743","1","2","1","1","1","2"
"bending_desc_02","bending_desc_01","0.18875","3.594730317125439","5.2396442042845237","1.6449138871590847","0.37238943926877055","1","2","1","1","1","2"
"bending_desc_02","bending_desc_01","0.19125","3.5888782626795432","5.2501389239322096","1.6612606612526664","0.37589261932173595","1","2","1","1","1","2"
"bending_desc_02","bending_desc_01","0.19375000000000001","3.5830311965135624","5.2605919344168584","1.677560737903296","0.37938313586341232","1","2","1","1","1","2"
"bending_desc_02","bending_desc_01","0.19625000000000001","3.5771897221394795","5.2709942247582582","1.6938045026187787","0.38285924270655419","1","2","1","1","1","2"
"bending_desc_02","bending_desc_01","0.19875000000000001","3.5713543183515388","5.281336284548261","1.7099819661967222","0.38631915265096872","1","2","1","1","1","2"
"bending_desc_02","bending_desc_01","0.20000000000000001","3.5684389096893296","5.2864817813856773","1.7180428716963476","0.38804252045486665","1","2","1","1","1","2"
"bending_desc_02","bending_desc_01","0.20125000000000001","3.5655253476912594","5.2916083528319957","1.7260830051407363","0.38976108151980682","1","2","1","1","1","2"
"bending_desc_02","bending_desc_01","0.20374999999999999","3.5597033763546384","5.3017995636159032","1.7420961872612648","0.39318300723083799","1","2","1","1","1","2"
"bending_desc_02","bending_desc_01","0.20624999999999999","3.5538889191046565","5.3118988309411455","1.7580099118364889","0.39658290078677028","1","2","1","1","1","2"
"bending_desc_02","bending_desc_01","0.20874999999999999","3.5480825186474538","5.3218941912112774","1.7738116725638235","0.39995858627053249","1","2","1","1","1","2"
"bending_desc_02","bending_desc_01","0.21124999999999999","3.5422842181843013","5.3317732874861665","1.7894890693018652","0.40330797229077969","1","2","1","1","1","2"
"bending_desc_02","bending_desc_01","0.21249999999999999","3.5393884748244808","5.3366650283269923","1.7972765535025115","0.40497199636401071","1","2","1","1","1","2"
"bending_desc_02","bending_desc_01","0.21375","3.5364949622636463","5.3415227547889916","1.8050277925253453","0.40662856282845677","1","2","1","1","1","2"
"bending_desc_02","bending_desc_01","0.21625","3.5307148357148965","5.3511287412257547","1.8204139055108581","0.40991802878336642","1","2","1","1","1","2"
"bending_desc_02","bending_desc_01","0.21875","3.5249444900002094","5.3605767245803966","1.8356322345801872","0.41317378919044728","1","2","1","1","1","2"
"bending_desc_02","bending_desc_01","0.22125","3.5191838613834383","5.3698513797436558","1.8506675183602175","0.41639333587017269","1","2","1","1","1","2"
"bending_desc_02","bending_desc_01","0.22375","3.5134332208148145","5.3789367848944751","1.8655035640796607","0.41957398598617157","1","2","1","1","1","2"
"bending_desc_02","bending_desc_01","0.22500000000000001","3.5105620552406682","5.3834034198309224","1.8728413645902542","0.42114878224781482","1","2","1","1","1","2"
"bending_desc_02","bending_desc_01","0.22625000000000001","3.5076937182041164","5.3878165514540495","1.8801228332499331","0.42271275649309814","1","2","1","1","1","2"
"bending_desc_02","bending_desc_01","0.22875000000000001","3.50196468754935","5.3964733864428567","1.8945086988935067","0.42580701987029773","1","2","1","1","1","2"
"bending_desc_02","bending_desc_01","0.23125000000000001","3.4962467181304877","5.4048898078302248","1.9086430896997371","0.42885379504809573","1","2","1","1","1","2"
"bending_desc_02","bending_desc_01","0.23375000000000001","3.4905404822929293","5.4130478143638596","1.9225073320709303","0.43185000654013017","1","2","1","1","1","2"
"bending_desc_02","bending_desc_01","0.23624999999999999","3.4848458395292834","5.4209291314269441","1.9360832918976607","0.43479277170412955","1","2","1","1","1","2"
"bending_desc_02","bending_desc_01","0.23749999999999999","3.4820030627014287","5.4247602502498031","1.9427571875483745","0.43624313777900253","1","2","1","1","1","2"
"bending_desc_02","bending_desc_01","0.23874999999999999","3.4791630335919153","5.4285152341925293","1.9493522006006141","0.43767907685904001","1","2","1","1","1","2"
"bending_desc_02","bending_desc_01","0.24124999999999999","3.4734923918475773","5.4357876648477541","1.9622952730001768","0.44050591305085535","1","2","1","1","1","2"
"bending_desc_02","bending_desc_01","0.24374999999999999","3.4678342957616128","5.4427282680732363","1.9748939723116234","0.44327032286986962","1","2","1","1","1","2"
"bending_desc_02","bending_desc_01","0.24625","3.4621888106656153","5.4493190704062489","1.9871302597406335","0.44596947817581328","1","2","1","1","1","2"
"bending_desc_02","bending_desc_01","0.24875","3.4565562909163434","5.4555427853945817","1.9989864944782383","0.44860059955834758","1","2","1","1","1","2"
"bending_desc_02","bending_desc_01","0.25","3.4537450063946245","5.4585117618868697","2.0047667554922453","0.44988981076648543","1","2","1","1","1","2"
"bending_desc_02","bending_desc_01","0.25124999999999997","3.4509364790156853","5.4613829916819059","2.0104465126662205","0.45116123120951307","1","2","1","1","1","2"
"bending_desc_02","bending_desc_01","0.25374999999999998","3.4453300228173669","5.4668243071741491","2.0214942843567822","0.45364885066093924","1","2","1","1","1","2"
"bending_desc_02","bending_desc_01","0.25624999999999998","3.4397370023401566","5.4718527950392648","2.0321157926991082","0.45606134009819005","1","2","1","1","1","2"
"bending_desc_02","bending_desc_01","0.25874999999999998","3.4341573678890138","5.4764559176728982","2.0422985497838844","0.45839685425313464","1","2","1","1","1","2"
"bending_desc_02","bending_desc_01","0.26124999999999998","3.4285917378259851","5.4806228003598525","2.0520310625338674","0.46065364207779369","1","2","1","1","1","2"
"bending_desc_02","bending_desc_01","0.26250000000000001","3.4258141882453907","5.4825399969710045","2.0567258087256137","0.46175214095972839","1","2","1","1","1","2"
"bending_desc_02","bending_desc_01","0.26374999999999998","3.4230398487311668","5.4843449535466036","2.0613051048154367","0.46283059519070646","1","2","1","1","1","2"
"bending_desc_02","bending_desc_01","0.26624999999999999","3.4175014369442525","5.4876154692852506","2.0701140323409981","0.46492686264295224","1","2","1","1","1","2"
"bending_desc_02","bending_desc_01","0.26874999999999999","3.4119779428865122","5.4904301195952874","2.0784521767087751","0.46694156505096157","1","2","1","1","1","2"
"bending_desc_02","bending_desc_01","0.27124999999999999","3.4064678740759788","5.4927867779658062","2.0863189038898273","0.46887497559386199","1","2","1","1","1","2"
"bending_desc_02","bending_desc_01","0.27374999999999999","3.400972580337986","5.4946854440295505","2.0937128636915645","0.47072692272035116","1","2","1","1","1","2"
"bending_desc_02","bending_desc_01","0.27500000000000002","3.3982305979575349","5.4954638869136465","2.0972332889561116","0.47162251694695773","1","2","1","1","1","2"
"bending_desc_02","bending_desc_01","0.27625","3.3954918389440136","5.4961287679464235","2.1006369290024098","0.47249810172389728","1","2","1","1","1","2"
"bending_desc_02","bending_desc_01","0.27875","3.3900257694129206","5.4971213774162129","2.1070956080032923","0.4741894273135982","1","2","1","1","1","2"
"bending_desc_02","bending_desc_01","0.28125","3.3845740142640275","5.4976699851634168","2.1130959708993893","0.47580227947703324","1","2","1","1","1","2"
"bending_desc_02","bending_desc_01","0.28375","3.3791367957014016","5.4977831379991509","2.1186463422977493","0.47733816641839233","1","2","1","1","1","2"
"bending_desc_02","bending_desc_01","0.28625","3.3737148095980678","5.4974713989315225","2.1237565893334547","0.47879878505796125","1","2","1","1","1","2"
"bending_desc_02","bending_desc_01","0.28749999999999998","3.371009555147606","5.4971598365289882","2.1261502813813822","0.47950150419474952","1","2","1","1","1","2"
"bending_desc_02","bending_desc_01","0.28875000000000001","3.3683076355309272","5.4967465367474908","2.1284389012165637","0.48018632708919612","1","2","1","1","1","2"
"bending_desc_02","bending_desc_01","0.29125000000000001","3.3629158656644877","5.4956216429560003","2.1327057772915126","0.48150290614361962","1","2","1","1","1","2"
"bending_desc_02","bending_desc_01","0.29375000000000001","3.3575384168888487","5.4941108331956334","2.1365724163067847","0.48275126045835876","1","2","1","1","1","2"
"bending_desc_02","bending_desc_01","0.29625000000000001","3.3521766017931429","5.4922291317887639","2.140052529995621","0.48393359473998682","1","2","1","1","1","2"
"bending_desc_02","bending_desc_01","0.29875000000000002","3.3468295566425725","5.4899921979375135","2.1431626412949409","0.48505281668358857","1","2","1","1","1","2"
"bending_desc_02","bending_desc_01","0.29999999999999999","3.3441620214407313","5.4887454905205892","2.144583469079858","0.48558947689098125","1","2","1","1","1","2"
"bending_desc_02","bending_desc_01","0.30125000000000002","3.341498549374637","5.4874158156918007","2.1459172663171637","0.48611124257993987","1","2","1","1","1","2"
"bending_desc_02","bending_desc_01","0.30375000000000002","3.3361818328605817","5.4845163568403477","2.148334523979766","0.48711212599659454","1","2","1","1","1","2"
"bending_desc_02","bending_desc_01","0.30625000000000002","3.3308807397328475","5.4813096217944421","2.1504288820615947","0.48805774588121631","1","2","1","1","1","2"
"bending_desc_02","bending_desc_01","0.30875000000000002","3.3255957393424227","5.477811963137162","2.1522162237947393","0.48895071011843327","1","2","1","1","1","2"
"bending_desc_02","bending_desc_01","0.31125000000000003","3.3203253079056858","5.474039089165287","2.1537137812596012","0.48979407357214155","1","2","1","1","1","2"
"bending_desc_02","bending_desc_01","0.3125","3.3176958684815485","5.4720542713824241","2.1543584029008755","0.49019787107036372","1","2","1","1","1","2"
"bending_desc_02","bending_desc_01","0.31374999999999997","3.3150705323447669","5.4700063461515613","2.1549358138067944","0.49059008671433224","1","2","1","1","1","2"
"bending_desc_02","bending_desc_01","0.31624999999999998","3.3098316258211109","5.4657288941584925","2.1558972683373816","0.49134121140842923","1","2","1","1","1","2"
"bending_desc_02","bending_desc_01","0.31874999999999998","3.304607841574752","5.4612209576924808","2.1566131161177289","0.49205001957099775","1","2","1","1","1","2"
"bending_desc_02","bending_desc_01","0.32124999999999998","3.2993994119408159","5.4564969246460251","2.1570975127052092","0.49271883306605552","1","2","1","1","1","2"
"bending_desc_02","bending_desc_01","0.32374999999999998","3.2942070077567407","5.4515698738945906","2.1573628661378499","0.49334962355694312","1","2","1","1","1","2"
"bending_desc_02","bending_desc_01","0.32500000000000001","3.291616801813003","5.449034139036006","2.157417337223003","0.49365141150767566","1","2","1","1","1","2"
"bending_desc_02","bending_desc_01","0.32624999999999998","3.2890296368206169","5.4464526037805969","2.15742296695998","0.49394478920295914","1","2","1","1","1","2"
"bending_desc_02","bending_desc_01","0.32874999999999999","3.2838686519730516","5.4411574564906431","2.1572888045175915","0.49450598260672657","1","2","1","1","1","2"
"bending_desc_02","bending_desc_01","0.33124999999999999","3.2787228804290871","5.4356960003486812","2.1569731199195941","0.49503544629405805","1","2","1","1","1","2"
"bending_desc_02","bending_desc_01","0.33374999999999999","3.2735927002214922","5.4300790139216231","2.1564863137001309","0.49553484656272767","1","2","1","1","1","2"
"bending_desc_02","bending_desc_01","0.33624999999999999","3.2684777353254848","5.4243170334671396","2.1558392981416548","0.49600602694111179","1","2","1","1","1","2"
"bending_desc_02","bending_desc_01","0.33750000000000002","3.2659265581132346","5.4213847226120668","2.1554581644988322","0.49623136430743242","1","2","1","1","1","2"
"bending_desc_02","bending_desc_01","0.33875","3.2633791789930289","5.4184196144571573","2.1550404354641284","0.49645021423209129","1","2","1","1","1","2"
"bending_desc_02","bending_desc_01","0.34125","3.2582955021872935","5.4123963914618072","2.1541008892745137","0.49686943457241228","1","2","1","1","1","2"
"bending_desc_02","bending_desc_01","0.34375","3.2532277840227768","5.4062557734314849","2.1530279894087081","0.49726475606165615","1","2","1","1","1","2"
"bending_desc_02","bending_desc_01","0.34625","3.2481753771644062","5.4000059891772993","2.1518306120128932","0.49763771615329699","1","2","1","1","1","2"
"bending_desc_02","bending_desc_01","0.34875","3.2431393182914712","5.3936546569266408","2.1505153386351696","0.49798926425841045","1","2","1","1","1","2"
"bending_desc_02","bending_desc_01","0.34999999999999998","3.2406266811754407","5.3904432371797828","2.1498165560043421","0.49815760417661431","1","2","1","1","1","2"
"bending_desc_02","bending_desc_01","0.35125000000000001","3.2381179338164774","5.387209269876327","2.1490913360598496","0.49832111531716689","1","2","1","1","1","2"
"bending_desc_02","bending_desc_01","0.35375000000000001","3.2331130073151422","5.3806763438230698","2.1475633365079276","0.49863381816369867","1","2","1","1","1","2"
"bending_desc_02","bending_desc_01","0.35625000000000001","3.2281229655006669","5.3740622613287998","2.1459392958281329","0.49892887429002003","1","2","1","1","1","2"
"bending_desc_02","bending_desc_01","0.35875000000000001","3.2231490431545669","5.3673731727058538","2.1442241295512869","0.49920693426354706","1","2","1","1","1","2"
"bending_desc_02","bending_desc_01","0.36125000000000002","3.2181903619163679","5.3606145418116116","2.1424241798952437","0.49946914609615106","1","2","1","1","1","2"
"bending_desc_02","bending_desc_01","0.36249999999999999","3.2157169340714078","5.3572106657865071","2.1414937317150993","0.49959449832530767","1","2","1","1","1","2"
"bending_desc_02","bending_desc_01","0.375","3.1911956172945932","5.3224179827429756","2.1312223654483824","0.50066222536549643","1","2","1","1","1","2"
"bending_desc_02","bending_desc_01","0.38750000000000001","3.1670601695887788","5.2865969081179269","2.1195367385291481","0.50144847822574157","1","2","1","1","1","2"
"bending_desc_02","bending_desc_01","0.40000000000000002","3.1433071557461165","5.2501340818108639","2.1068269260647474","0.5020174363377008","1","2","1","1","1","2"
"bending_desc_02","bending_desc_01","0.41249999999999998","3.1199321836379585","5.2133133302693899","2.0933811466314314","0.50241676982582328","1","2","1","1","1","2"
"bending_desc_02","bending_desc_01","0.41375000000000001","3.1176152222220122","5.2096203001822303","2.0920050779602182","0.50244887930255488","1","2","1","1","1","2"
"bending_desc_02","bending_desc_01","0.41625000000000001","3.112993388172463","5.2022303310811751","2.0892369429087121","0.50250889535807675","1","2","1","1","1","2"
"bending_desc_02","bending_desc_01","0.41875000000000001","3.1083855482539029","5.1948365807699401","2.0864510325160373","0.50256418534748459","1","2","1","1","1","2"
"bending_desc_02","bending_desc_01","0.42125000000000001","3.1037920094470883","5.1874404037513901","2.0836483943043018","0.50261488050616598","1","2","1","1","1","2"
"bending_desc_02","bending_desc_01","0.42375000000000002","3.0992145371016191","5.1800430292470709","2.0808284921454518","0.50266064933238619","1","2","1","1","1","2"
"bending_desc_02","bending_desc_01","0.42499999999999999","3.0969305677214516","5.1763442468970746","2.079413679175623","0.50268212425420389","1","2","1","1","1","2"
"bending_desc_02","bending_desc_01","0.42625000000000002","3.0946509993418698","5.1726454189623698","2.0779944196205","0.50270228971582742","1","2","1","1","1","2"
"bending_desc_02","bending_desc_01","0.42875000000000002","3.0901020707566742","5.1652489372369494","2.0751468664802752","0.50273982644006743","1","2","1","1","1","2"
"bending_desc_02","bending_desc_01","0.43125000000000002","3.0855683984396398","5.1578544056140432","2.0722860071744034","0.50277319420165167","1","2","1","1","1","2"
"bending_desc_02","bending_desc_01","0.43375000000000002","3.0810483202501273","5.150462595198956","2.0694142749488287","0.50280302029725932","1","2","1","1","1","2"
"bending_desc_02","bending_desc_01","0.43625000000000003","3.076544352307014","5.1430748340469883","2.0665304817399743","0.50282876490696171","1","2","1","1","1","2"
"bending_desc_02","bending_desc_01","0.4375","3.0742982629012405","5.1393825323758628","2.0650842694746223","0.50284015679354221","1","2","1","1","1","2"
"bending_desc_02","bending_desc_01","0.43874999999999997","3.0720537651700148","5.135691509799841","2.0636377446298262","0.50285131311836551","1","2","1","1","1","2"
"bending_desc_02","bending_desc_01","0.44124999999999998","3.0675794948846042","5.1283138315668513","2.060734336682247","0.50286997514509502","1","2","1","1","1","2"
"bending_desc_02","bending_desc_01","0.44374999999999998","3.0631170266294849","5.1209423035821402","2.0578252769526553","0.502886206935512","1","2","1","1","1","2"
"bending_desc_02","bending_desc_01","0.44624999999999998","3.058671172635496","5.1135776770574397","2.0549065044219437","0.50289866160870877","1","2","1","1","1","2"
"bending_desc_02","bending_desc_01","0.44874999999999998","3.0542381042385958","5.1062208645157554","2.0519827602771596","0.50290866436165249","1","2","1","1","1","2"
"bending_desc_02","bending_desc_01","0.45000000000000001","3.0520263437317063","5.1025454572962854","2.0505191135645791","0.50291276196895685","1","2","1","1","1","2"
"bending_desc_02","bending_desc_01","0.45124999999999998","3.0498196749146778","5.0988722009240819","2.0490525260094041","0.50291569671076597","1","2","1","1","1","2"
"bending_desc_02","bending_desc_01","0.45374999999999999","3.0454161491295766","5.0915322231384774","2.0461160740089008","0.50291976313438891","1","2","1","1","1","2"
"bending_desc_02","bending_desc_01","0.45624999999999999","3.0410252675563547","5.0842017875800822","2.0431765200237275","0.50292170450353502","1","2","1","1","1","2"
"bending_desc_02","bending_desc_01","0.45874999999999999","3.0366500103249034","5.076881551271744","2.0402315409468406","0.50292071349146183","1","2","1","1","1","2"
"bending_desc_02","bending_desc_01","0.46124999999999999","3.0322876240723504","5.0695715489901483","2.0372839249177979","0.50291763443419757","1","2","1","1","1","2"
"bending_desc_02","bending_desc_01","0.46250000000000002","3.0301118584372162","5.06592092054915","2.0358090621119338","0.50291522222982399","1","2","1","1","1","2"
"bending_desc_02","bending_desc_01","0.46375","3.0279405640504784","5.0622728249835474","2.034332260933069","0.50291189196332653","1","2","1","1","1","2"
"bending_desc_02","bending_desc_01","0.46625","3.0236061207362579","5.0549849821077988","2.0313788613715409","0.50290424048232785","1","2","1","1","1","2"
"bending_desc_02","bending_desc_01","0.46875","3.0192874705461006","5.0477094453686098","2.0284219748225092","0.50289395073916621","1","2","1","1","1","2"
"bending_desc_02","bending_desc_01","0.47125","3.0149814489402602","5.0404465917190775","2.0254651427788173","0.50288206475320529","1","2","1","1","1","2"
"bending_desc_02","bending_desc_01","0.47375","3.0106902109092544","5.0331956570477692","2.0225054461385148","0.50286776300375047","1","2","1","1","1","2"
"bending_desc_02","bending_desc_01","0.47499999999999998","3.0085498440537126","5.0295751267123023","2.0210252826585897","0.50285988088239209","1","2","1","1","1","2"
"bending_desc_02","bending_desc_01","0.48749999999999999","2.9873303952624783","4.9935590457662631","2.0062286505037847","0.50275816131220097","1","2","1","1","1","2"
"bending_desc_02","bending_desc_01","0.5","2.9664495673902174","4.9579111428377249","1.9914615754475076","0.50261759863534117","1","2","1","1","1","2"
"bending_desc_02","bending_desc_01","0.51249999999999996","2.9458972463063109","4.9226587400777841","1.9767614937714733","0.50244581018222412","1","2","1","1","1","2"
"bending_desc_02","bending_desc_01","0.52500000000000002","2.9256704325169518","4.8878230929658173","1.9621526604488655","0.50224720966352387","1","2","1","1","1","2"
"bending_desc_02","bending_desc_01","0.53749999999999998","2.9057599407856514","4.8534194001354241","1.9476594593497727","0.50202717936368002","1","2","1","1","1","2"
"bending_desc_02","bending_desc_01","0.55000000000000004","2.8861605107630073","4.8194565901138908","1.9332960793508835","0.5017887740959448","1","2","1","1","1","2"
"bending_desc_02","bending_desc_01","0.5625","2.8668609677545511","4.7859427914088517","1.9190818236543006","0.5015369226883436","1","2","1","1","1","2"
"bending_desc_02","bending_desc_01","0.57499999999999996","2.8478541910168365","4.7528804821226309","1.9050262911057945","0.50127425124785407","1","2","1","1","1","2"
"bending_desc_02","bending_desc_01","0.58750000000000002","2.8291412924209589","4.7202694624364252","1.8911281700154663","0.50100020555874281","1","2","1","1","1","2"
"bending_desc_02","bending_desc_01","0.59999999999999998","2.8107041328513542","4.6881091836142907","1.8774050507629365","0.50072057311804063","1","2","1","1","1","2"
"bending_desc_02","bending_desc_01","0.61250000000000004","2.7925441616025473","4.6563934681247519","1.8638493065222046","0.50043359178735369","1","2","1","1","1","2"
"bending_desc_02","bending_desc_01","0.625","2.7746398141600022","4.6251192907898622","1.85047947662986","0.50014586971947039","1","2","1","1","1","2"
"bending_desc_02","bending_desc_01","0.63749999999999996","2.7569892170863062","4.5942800183846666","1.8372908012983604","0.49985675737004914","1","2","1","1","1","2"
"bending_desc_02","bending_desc_01","0.65000000000000002","2.7395944216214572","4.5638635230837536","1.8242691014622965","0.49956311524593283","1","2","1","1","1","2"
"bending_desc_02","bending_desc_01","0.66249999999999998","2.7224291069504418","4.5338629332275096","1.8114338262770677","0.49927258060926788","1","2","1","1","1","2"
"bending_desc_02","bending_desc_01","0.67500000000000004","2.7054964997529396","4.5042669929601749","1.7987704932072353","0.49898183068702517","1","2","1","1","1","2"
"bending_desc_02","bending_desc_01","0.6875","2.6887642991301615","4.4750575692296222","1.7862932700994607","0.49869840510382407","1","2","1","1","1","2"
"bending_desc_02","bending_desc_01","0.69999999999999996","2.6722497619391836","4.446222175045504","1.7739724131063204","0.49841382499226572","1","2","1","1","1","2"
"bending_desc_02","bending_desc_01","0.71250000000000002","2.655923085390004","4.4177476819022026","1.7618245965121986","0.49813587724740066","1","2","1","1","1","2"
"bending_desc_02","bending_desc_01","0.72499999999999998","2.6397638488775597","4.3896089209744025","1.7498450720968428","0.49786663174321721","1","2","1","1","1","2"
"bending_desc_02","bending_desc_01","0.73750000000000004","2.6238062211400703","4.3617882525507703","1.7379820314107","0.49759030185799974","1","2","1","1","1","2"
"bending_desc_02","bending_desc_01","0.75","2.6079281100813758","4.3342493610121338","1.7263212509307579","0.4973428749463627","1","2","1","1","1","2"
"bending_desc_02","bending_desc_01","0.76249999999999996","2.5922162347785931","4.3069782606526763","1.7147620258740832","0.49709050150988487","1","2","1","1","1","2"
"bending_desc_02","bending_desc_01","0.77500000000000002","2.5766097669049026","4.2799296879133424","1.7033199210084398","0.49684536411774849","1","2","1","1","1","2"
"bending_desc_02","bending_desc_01","0.78749999999999998","2.5611205366475214","4.2530782673459155","1.6919577306983942","0.49659770117268326","1","2","1","1","1","2"
"bending_desc_02","bending_desc_01","0.80000000000000004","2.5456688365110045","4.226391226422396","1.6807223899113914","0.49636960519909096","1","2","1","1","1","2"
"bending_desc_02","bending_desc_01","0.8125","2.5302216474127239","4.1998004863331406","1.6695788389204167","0.49615849866191913","1","2","1","1","1","2"
"bending_desc_02","bending_desc_01","0.82499999999999996","2.5147121178918286","4.173317179595589","1.6586050617037604","0.49599216388805922","1","2","1","1","1","2"
"bending_desc_02","bending_desc_01","0.83750000000000002","2.4991118875336404","4.1468552184020329","1.6477433308683924","0.49586262002312748","1","2","1","1","1","2"
"bending_desc_02","bending_desc_01","0.84999999999999998","2.4834981622682744","4.1203870831058946","1.6368889208376203","0.49573511955987232","1","2","1","1","1","2"
"bending_desc_02","bending_desc_01","0.86250000000000004","2.4676984093515535","4.0938583253297907","1.6261599159782372","0.49566283786989462","1","2","1","1","1","2"
"bending_desc_02","bending_desc_01","0.875","2.4516717225953673","4.0674422096551073","1.61577048705974","0.49570248467860634","1","2","1","1","1","2"
"bending_desc_02","bending_desc_01","0.88749999999999996","2.437139801216972","4.0413398968303662","1.6042000956133942","0.49523967670900071","1","2","1","1","1","2"
"bending_desc_02","bending_desc_01","0.90000000000000002","2.421427230787236","4.0162066953353008","1.5947794645480649","0.49545515723619887","1","2","1","1","1","2"
